ID	ker	kas	lan	time	ammN	nitN	liuN	Smgkg	Smgl	 KuitLisKokN 	 KuitLisN 	 TOCN 	 TOCNliu 	 LisC 
2	1	4	1	1	0.1	 5.5   	 5.5   	 73.0   	 110.0   	 298   	 17   	 66   	" 1,145   "	" 19,642   "
8	1	1	1	1	0.4	 5.8   	 5.8   	 52.0   	 79.0   	 298   	 17   	 66   	" 1,145   "	" 19,642   "
14	1	3	1	1	0.4	 9.1   	 9.1   	 65.0   	 93.0   	 298   	 17   	 66   	" 1,145   "	" 19,642   "
21	1	2	1	1	0.1	 9.3   	 9.3   	 63.0   	 98.0   	 298   	 17   	 66   	" 1,145   "	" 19,642   "
26	2	3	1	1	8.0	 5.3   	 13.3   	 55.0   	 85.0   	 298   	 17   	 66   	" 1,145   "	" 19,642   "
31	2	4	1	1	0.4	 4.1   	 4.1   	 85.0   	 120.0   	 298   	 17   	 66   	" 1,145   "	" 19,642   "
38	2	2	1	1	0.3	 5.4   	 5.4   	 72.0   	 110.0   	 298   	 17   	 66   	" 1,145   "	" 19,642   "
48	2	1	1	1	0.4	 7.4   	 7.4   	 69.0   	 99.0   	 298   	 17   	 66   	" 1,145   "	" 19,642   "
52	3	4	1	1	3.4	 4.3   	 7.7   	 52.0   	 77.0   	 298   	 17   	 66   	" 1,145   "	" 19,642   "
58	3	3	1	1	0.6	 8.3   	 8.3   	 45.0   	 67.0   	 298   	 17   	 66   	" 1,145   "	" 19,642   "
66	3	1	1	1	0.5	 6.9   	 6.9   	 79.0   	 120.0   	 298   	 17   	 66   	" 1,145   "	" 19,642   "
71	3	2	1	1	0.8	 10.0   	 10.0   	 42.0   	 55.0   	 298   	 17   	 66   	" 1,145   "	" 19,642   "
75	4	2	1	1	0.5	 4.8   	 4.8   	 38.0   	 56.0   	 298   	 17   	 66   	" 1,145   "	" 19,642   "
79	4	1	1	1	0.3	 9.1   	 9.1   	 45.0   	 76.0   	 298   	 17   	 66   	" 1,145   "	" 19,642   "
85	4	3	1	1	0.0	 8.5   	 8.5   	 46.0   	 67.0   	 298   	 17   	 66   	" 1,145   "	" 19,642   "
94	4	4	1	1	0.0	 6.4   	 6.4   	 40.0   	 53.0   	 298   	 17   	 66   	" 1,145   "	" 19,642   "
98	1	4	1	2	0.0	 7.1   	 7.1   	 57.0   	 81.0   	 298   	 17   	 66   	" 1,145   "	" 19,642   "
104	1	1	1	2	3.4	 5.4   	 8.8   	 61.0   	 86.0   	 298   	 17   	 66   	" 1,145   "	" 19,642   "
110	1	3	1	2	2.1	 5.3   	 7.4   	 50.0   	 67.0   	 298   	 17   	 66   	" 1,145   "	" 19,642   "
117	1	2	1	2	1.7	 5.8   	 7.5   	 59.0   	 82.0   	 298   	 17   	 66   	" 1,145   "	" 19,642   "
122	2	3	1	2	1.7	 5.5   	 7.2   	 52.0   	 67.0   	 298   	 17   	 66   	" 1,145   "	" 19,642   "
127	2	4	1	2	3.6	 3.4   	 7.0   	 58.0   	 86.0   	 298   	 17   	 66   	" 1,145   "	" 19,642   "
134	2	2	1	2	2.5	 4.4   	 6.9   	 82.0   	 120.0   	 298   	 17   	 66   	" 1,145   "	" 19,642   "
144	2	1	1	2	2.1	 4.9   	 7.0   	 50.0   	 68.0   	 298   	 17   	 66   	" 1,145   "	" 19,642   "
148	3	4	1	2	4.3	 7.1   	 11.4   	 52.0   	 84.0   	 298   	 17   	 66   	" 1,145   "	" 19,642   "
154	3	3	1	2	1.6	 7.2   	 8.8   	 58.0   	 85.0   	 298   	 17   	 66   	" 1,145   "	" 19,642   "
162	3	1	1	2	0.1	 6.2   	 6.2   	 50.0   	 72.0   	 298   	 17   	 66   	" 1,145   "	" 19,642   "
167	3	2	1	2	0.5	 8.5   	 8.5   	 38.0   	 57.0   	 298   	 17   	 66   	" 1,145   "	" 19,642   "
171	4	2	1	2	0.0	 5.3   	 5.3   	 43.0   	 60.0   	 298   	 17   	 66   	" 1,145   "	" 19,642   "
175	4	1	1	2	0.4	 5.4   	 5.4   	 41.0   	 60.0   	 298   	 17   	 66   	" 1,145   "	" 19,642   "
181	4	3	1	2	0.2	 6.6   	 6.6   	 41.0   	 62.0   	 298   	 17   	 66   	" 1,145   "	" 19,642   "
190	4	4	1	2	3.5	 8.0   	 11.5   	 30.0   	 48.0   	 298   	 17   	 66   	" 1,145   "	" 19,642   "
194	1	4	1	3	0.0	 3.6   	 3.6   	 55.0   	 84.0   	 298   	 17   	 66   	" 1,145   "	" 19,642   "
200	1	1	1	3	0.0	 4.2   	 4.2   	 79.0   	 110.0   	 298   	 17   	 66   	" 1,145   "	" 19,642   "
206	1	3	1	3	0.0	 6.4   	 6.4   	 53.0   	 72.0   	 298   	 17   	 66   	" 1,145   "	" 19,642   "
213	1	2	1	3	2.3	 5.4   	 7.7   	 56.0   	 75.0   	 298   	 17   	 66   	" 1,145   "	" 19,642   "
218	2	3	1	3	0.5	 5.4   	 5.4   	 49.0   	 68.0   	 298   	 17   	 66   	" 1,145   "	" 19,642   "
223	2	4	1	3	0.0	 3.1   	 3.1   	 53.0   	 74.0   	 298   	 17   	 66   	" 1,145   "	" 19,642   "
230	2	2	1	3	1.8	 5.1   	 6.9   	 45.0   	 62.0   	 298   	 17   	 66   	" 1,145   "	" 19,642   "
240	2	1	1	3	0.3	 5.5   	 5.5   	 47.0   	 61.0   	 298   	 17   	 66   	" 1,145   "	" 19,642   "
244	3	4	1	3	1.0	 3.7   	 3.7   	 44.0   	 65.0   	 298   	 17   	 66   	" 1,145   "	" 19,642   "
250	3	3	1	3	4.8	 5.5   	 10.3   	 43.0   	 59.0   	 298   	 17   	 66   	" 1,145   "	" 19,642   "
258	3	1	1	3	1.0	 4.8   	 4.8   	 49.0   	 69.0   	 298   	 17   	 66   	" 1,145   "	" 19,642   "
263	3	2	1	3	1.0	 5.1   	 5.1   	 50.0   	 79.0   	 298   	 17   	 66   	" 1,145   "	" 19,642   "
267	4	2	1	3	1.0	 3.4   	 3.4   	 51.0   	 71.0   	 298   	 17   	 66   	" 1,145   "	" 19,642   "
271	4	1	1	3	1.2	 5.4   	 5.4   	 42.0   	 59.0   	 298   	 17   	 66   	" 1,145   "	" 19,642   "
277	4	3	1	3	0.1	 5.2   	 5.2   	 50.0   	 74.0   	 298   	 17   	 66   	" 1,145   "	" 19,642   "
286	4	4	1	3	1.1	 4.9   	 4.9   	 42.0   	 60.0   	 298   	 17   	 66   	" 1,145   "	" 19,642   "
290	1	4	1	4	0.9	 8.1   	 8.1   	 36.0   	 53.0   	 298   	 17   	 66   	" 1,145   "	" 19,642   "
296	1	1	1	4	1.1	 7.3   	 7.3   	 22.0   	 33.0   	 298   	 17   	 66   	" 1,145   "	" 19,642   "
302	1	3	1	4	1.6	 12.0   	 13.6   	 25.0   	 40.0   	 298   	 17   	 66   	" 1,145   "	" 19,642   "
309	1	2	1	4	1.4	 6.6   	 6.6   	 27.0   	 42.0   	 298   	 17   	 66   	" 1,145   "	" 19,642   "
314	2	3	1	4	1.3	 12.0   	 12.0   	 25.0   	 35.0   	 298   	 17   	 66   	" 1,145   "	" 19,642   "
319	2	4	1	4	3.1	 9.7   	 12.8   	 29.0   	 46.0   	 298   	 17   	 66   	" 1,145   "	" 19,642   "
326	2	2	1	4	1.9	 12.0   	 13.9   	 21.0   	 28.0   	 298   	 17   	 66   	" 1,145   "	" 19,642   "
336	2	1	1	4	1.2	 9.3   	 9.3   	 20.0   	 28.0   	 298   	 17   	 66   	" 1,145   "	" 19,642   "
340	3	4	1	4	0.9	 10.0   	 10.0   	 26.0   	 38.0   	 298   	 17   	 66   	" 1,145   "	" 19,642   "
346	3	3	1	4	2.2	 11.0   	 13.2   	 23.0   	 32.0   	 298   	 17   	 66   	" 1,145   "	" 19,642   "
354	3	1	1	4	2.3	 12.0   	 14.3   	 30.0   	 41.0   	 298   	 17   	 66   	" 1,145   "	" 19,642   "
359	3	2	1	4	3.0	 10.0   	 13.0   	 18.0   	 25.0   	 298   	 17   	 66   	" 1,145   "	" 19,642   "
363	4	2	1	4	2.4	 6.5   	 8.9   	 24.0   	 34.0   	 298   	 17   	 66   	" 1,145   "	" 19,642   "
367	4	1	1	4	1.1	 10.0   	 10.0   	 20.0   	 30.0   	 298   	 17   	 66   	" 1,145   "	" 19,642   "
373	4	3	1	4	13.0	 18.0   	 31.0   	 24.0   	 36.0   	 298   	 17   	 66   	" 1,145   "	" 19,642   "
382	4	4	1	4	1.2	 13.0   	 13.0   	 25.0   	 36.0   	 298   	 17   	 66   	" 1,145   "	" 19,642   "
386	1	4	1	5	2.2	 10.0   	 12.2   	 32.0   	 43.0   	 298   	 17   	 66   	" 1,145   "	" 19,642   "
392	1	1	1	5	3.1	 9.3   	 12.4   	 20.0   	 27.0   	 298   	 17   	 66   	" 1,145   "	" 19,642   "
398	1	3	1	5	2.9	 13.0   	 15.9   	 24.0   	 32.0   	 298   	 17   	 66   	" 1,145   "	" 19,642   "
405	1	2	1	5	1.2	 10.0   	 10.0   	 45.0   	 60.0   	 298   	 17   	 66   	" 1,145   "	" 19,642   "
410	2	3	1	5	3.3	 11.0   	 14.3   	 30.0   	 40.0   	 298   	 17   	 66   	" 1,145   "	" 19,642   "
415	2	4	1	5	1.1	 13.0   	 13.0   	 25.0   	 34.0   	 298   	 17   	 66   	" 1,145   "	" 19,642   "
422	2	2	1	5	1.0	 13.0   	 13.0   	 38.0   	 50.0   	 298   	 17   	 66   	" 1,145   "	" 19,642   "
432	2	1	1	5	1.7	 12.0   	 13.7   	 16.0   	 22.0   	 298   	 17   	 66   	" 1,145   "	" 19,642   "
436	3	4	1	5	1.9	 13.0   	 14.9   	 24.0   	 33.0   	 298   	 17   	 66   	" 1,145   "	" 19,642   "
442	3	3	1	5	1.8	 11.0   	 12.8   	 24.0   	 33.0   	 298   	 17   	 66   	" 1,145   "	" 19,642   "
450	3	1	1	5	1.5	 15.0   	 16.5   	 18.0   	 24.0   	 298   	 17   	 66   	" 1,145   "	" 19,642   "
455	3	2	1	5	1.5	 13.0   	 14.5   	 22.0   	 30.0   	 298   	 17   	 66   	" 1,145   "	" 19,642   "
459	4	2	1	5	12.0	 11.0   	 23.0   	 27.0   	 36.0   	 298   	 17   	 66   	" 1,145   "	" 19,642   "
463	4	1	1	5	1.3	 11.0   	 11.0   	 16.0   	 22.0   	 298   	 17   	 66   	" 1,145   "	" 19,642   "
469	4	3	1	5	0.5	 13.0   	 13.0   	 29.0   	 39.0   	 298   	 17   	 66   	" 1,145   "	" 19,642   "
478	4	4	1	5	1.9	 14.0   	 15.9   	 25.0   	 33.0   	 298   	 17   	 66   	" 1,145   "	" 19,642   "
484	1	2	1	6	NA	2.3	NA	NA	NA	 298   	 17   	 66   	" 1,145   "	" 19,642   "
491	1	3	1	6	NA	3.4	NA	NA	NA	 298   	 17   	 66   	" 1,145   "	" 19,642   "
497	1	1	1	6	NA	3.1	NA	NA	NA	 298   	 17   	 66   	" 1,145   "	" 19,642   "
503	1	4	1	6	NA	3.7	NA	NA	NA	 298   	 17   	 66   	" 1,145   "	" 19,642   "
505	2	1	1	6	NA	4	NA	NA	NA	 298   	 17   	 66   	" 1,145   "	" 19,642   "
515	2	2	1	6	NA	3	NA	NA	NA	 298   	 17   	 66   	" 1,145   "	" 19,642   "
522	2	4	1	6	NA	3	NA	NA	NA	 298   	 17   	 66   	" 1,145   "	" 19,642   "
527	2	3	1	6	NA	2.7	NA	NA	NA	 298   	 17   	 66   	" 1,145   "	" 19,642   "
1	1	4	2	1	0.1	 6.0   	 6.0   	 66.0   	 94.0   	 231   	 15   	 77   	" 1,159   "	" 17,758   "
9	1	1	2	1	0.0	 5.8   	 5.8   	 52.0   	 79.0   	 231   	 15   	 77   	" 1,159   "	" 17,758   "
18	1	3	2	1	4.7	 6.5   	 11.2   	 62.0   	 93.0   	 231   	 15   	 77   	" 1,159   "	" 17,758   "
20	1	2	2	1	0.2	 6.8   	 6.8   	 62.0   	 91.0   	 231   	 15   	 77   	" 1,159   "	" 17,758   "
29	2	3	2	1	0.1	 6.7   	 6.7   	 47.0   	 79.0   	 231   	 15   	 77   	" 1,159   "	" 17,758   "
35	2	4	2	1	0.6	 3.9   	 3.9   	 53.0   	 82.0   	 231   	 15   	 77   	" 1,159   "	" 17,758   "
40	2	2	2	1	0.5	 3.7   	 3.7   	 55.0   	 85.0   	 231   	 15   	 77   	" 1,159   "	" 17,758   "
46	2	1	2	1	0.8	 6.0   	 6.0   	 62.0   	 91.0   	 231   	 15   	 77   	" 1,159   "	" 17,758   "
53	3	4	2	1	3.4	 8.3   	 11.7   	 50.0   	 75.0   	 231   	 15   	 77   	" 1,159   "	" 17,758   "
60	3	3	2	1	0.5	 7.6   	 7.6   	 51.0   	 76.0   	 231   	 15   	 77   	" 1,159   "	" 17,758   "
62	3	1	2	1	0.6	 5.3   	 5.3   	 42.0   	 64.0   	 231   	 15   	 77   	" 1,159   "	" 17,758   "
69	3	2	2	1	0.4	 7.9   	 7.9   	 40.0   	 59.0   	 231   	 15   	 77   	" 1,159   "	" 17,758   "
78	4	2	2	1	0.6	 9.8   	 9.8   	 33.0   	 54.0   	 231   	 15   	 77   	" 1,159   "	" 17,758   "
83	4	1	2	1	0.0	 7.8   	 7.8   	 41.0   	 63.0   	 231   	 15   	 77   	" 1,159   "	" 17,758   "
88	4	3	2	1	2.4	 7.2   	 9.6   	 35.0   	 50.0   	 231   	 15   	 77   	" 1,159   "	" 17,758   "
95	4	4	2	1	0.0	 4.3   	 4.3   	 36.0   	 54.0   	 231   	 15   	 77   	" 1,159   "	" 17,758   "
97	1	4	2	2	0.0	 3.5   	 3.5   	 97.0   	 130.0   	 231   	 15   	 77   	" 1,159   "	" 17,758   "
105	1	1	2	2	2.2	 2.8   	 5.0   	 44.0   	 67.0   	 231   	 15   	 77   	" 1,159   "	" 17,758   "
114	1	3	2	2	3.1	 4.5   	 7.6   	 56.0   	 81.0   	 231   	 15   	 77   	" 1,159   "	" 17,758   "
116	1	2	2	2	1.8	 5.6   	 7.4   	 82.0   	 110.0   	 231   	 15   	 77   	" 1,159   "	" 17,758   "
125	2	3	2	2	2.2	 4.2   	 6.4   	 53.0   	 69.0   	 231   	 15   	 77   	" 1,159   "	" 17,758   "
131	2	4	2	2	1.7	 3.4   	 5.1   	 60.0   	 92.0   	 231   	 15   	 77   	" 1,159   "	" 17,758   "
136	2	2	2	2	3.1	 4.4   	 7.5   	 47.0   	 65.0   	 231   	 15   	 77   	" 1,159   "	" 17,758   "
142	2	1	2	2	3.2	 2.5   	 5.7   	 48.0   	 67.0   	 231   	 15   	 77   	" 1,159   "	" 17,758   "
149	3	4	2	2	3.8	 4.4   	 8.2   	 56.0   	 83.0   	 231   	 15   	 77   	" 1,159   "	" 17,758   "
156	3	3	2	2	3.1	 5.7   	 8.8   	 39.0   	 54.0   	 231   	 15   	 77   	" 1,159   "	" 17,758   "
158	3	1	2	2	1.2	 4.0   	 4.0   	 56.0   	 88.0   	 231   	 15   	 77   	" 1,159   "	" 17,758   "
165	3	2	2	2	0.2	 6.8   	 6.8   	 34.0   	 52.0   	 231   	 15   	 77   	" 1,159   "	" 17,758   "
174	4	2	2	2	0.5	 6.0   	 6.0   	 38.0   	 58.0   	 231   	 15   	 77   	" 1,159   "	" 17,758   "
179	4	1	2	2	0.2	 6.4   	 6.4   	 44.0   	 63.0   	 231   	 15   	 77   	" 1,159   "	" 17,758   "
184	4	3	2	2	1.0	 6.4   	 6.4   	 42.0   	 59.0   	 231   	 15   	 77   	" 1,159   "	" 17,758   "
191	4	4	2	2	1.1	 11.0   	 11.0   	 37.0   	 56.0   	 231   	 15   	 77   	" 1,159   "	" 17,758   "
193	1	4	2	3	0.6	 4.5   	 4.5   	 55.0   	 75.0   	 231   	 15   	 77   	" 1,159   "	" 17,758   "
201	1	1	2	3	0.0	 3.5   	 3.5   	 49.0   	 72.0   	 231   	 15   	 77   	" 1,159   "	" 17,758   "
210	1	3	2	3	0.0	 3.9   	 3.9   	 54.0   	 77.0   	 231   	 15   	 77   	" 1,159   "	" 17,758   "
212	1	2	2	3	0.0	 5.2   	 5.2   	 64.0   	 81.0   	 231   	 15   	 77   	" 1,159   "	" 17,758   "
221	2	3	2	3	0.9	 3.7   	 3.7   	 38.0   	 53.0   	 231   	 15   	 77   	" 1,159   "	" 17,758   "
227	2	4	2	3	0.8	 4.0   	 4.0   	 53.0   	 80.0   	 231   	 15   	 77   	" 1,159   "	" 17,758   "
232	2	2	2	3	0.0	 5.3   	 5.3   	 33.0   	 47.0   	 231   	 15   	 77   	" 1,159   "	" 17,758   "
238	2	1	2	3	2.4	 6.0   	 8.4   	 43.0   	 55.0   	 231   	 15   	 77   	" 1,159   "	" 17,758   "
245	3	4	2	3	0.7	 3.3   	 3.3   	 49.0   	 68.0   	 231   	 15   	 77   	" 1,159   "	" 17,758   "
252	3	3	2	3	1.8	 4.7   	 6.5   	 45.0   	 62.0   	 231   	 15   	 77   	" 1,159   "	" 17,758   "
254	3	1	2	3	1.2	 5.0   	 5.0   	 41.0   	 56.0   	 231   	 15   	 77   	" 1,159   "	" 17,758   "
261	3	2	2	3	0.9	 1.8   	 1.8   	 29.0   	 42.0   	 231   	 15   	 77   	" 1,159   "	" 17,758   "
270	4	2	2	3	0.5	 4.7   	 4.7   	 78.0   	 57.0   	 231   	 15   	 77   	" 1,159   "	" 17,758   "
275	4	1	2	3	1.8	 3.8   	 5.6   	 39.0   	 56.0   	 231   	 15   	 77   	" 1,159   "	" 17,758   "
280	4	3	2	3	1.6	 4.0   	 5.6   	 40.0   	 62.0   	 231   	 15   	 77   	" 1,159   "	" 17,758   "
287	4	4	2	3	2.6	 4.8   	 7.4   	 36.0   	 54.0   	 231   	 15   	 77   	" 1,159   "	" 17,758   "
289	1	4	2	4	1.0	 7.0   	 7.0   	 41.0   	 57.0   	 231   	 15   	 77   	" 1,159   "	" 17,758   "
297	1	1	2	4	2.9	 9.0   	 11.9   	 29.0   	 42.0   	 231   	 15   	 77   	" 1,159   "	" 17,758   "
306	1	3	2	4	8.1	 9.4   	 17.5   	 21.0   	 31.0   	 231   	 15   	 77   	" 1,159   "	" 17,758   "
308	1	2	2	4	3.6	 5.7   	 9.3   	 39.0   	 57.0   	 231   	 15   	 77   	" 1,159   "	" 17,758   "
317	2	3	2	4	0.9	 5.5   	 5.5   	 53.0   	 74.0   	 231   	 15   	 77   	" 1,159   "	" 17,758   "
323	2	4	2	4	1.6	 5.5   	 7.1   	 33.0   	 52.0   	 231   	 15   	 77   	" 1,159   "	" 17,758   "
328	2	2	2	4	1.3	 8.5   	 8.5   	 22.0   	 32.0   	 231   	 15   	 77   	" 1,159   "	" 17,758   "
334	2	1	2	4	1.0	 4.4   	 4.4   	 25.0   	 35.0   	 231   	 15   	 77   	" 1,159   "	" 17,758   "
341	3	4	2	4	8.2	 8.9   	 17.1   	 24.0   	 33.0   	 231   	 15   	 77   	" 1,159   "	" 17,758   "
348	3	3	2	4	1.8	 9.7   	 11.5   	 24.0   	 33.0   	 231   	 15   	 77   	" 1,159   "	" 17,758   "
350	3	1	2	4	0.8	 5.6   	 5.6   	 26.0   	 37.0   	 231   	 15   	 77   	" 1,159   "	" 17,758   "
357	3	2	2	4	3.0	 9.8   	 12.8   	 24.0   	 35.0   	 231   	 15   	 77   	" 1,159   "	" 17,758   "
366	4	2	2	4	3.6	 11.0   	 14.6   	 30.0   	 42.0   	 231   	 15   	 77   	" 1,159   "	" 17,758   "
371	4	1	2	4	1.3	 7.9   	 7.9   	 27.0   	 41.0   	 231   	 15   	 77   	" 1,159   "	" 17,758   "
376	4	3	2	4	2.6	 13.0   	 15.6   	 28.0   	 43.0   	 231   	 15   	 77   	" 1,159   "	" 17,758   "
383	4	4	2	4	2.1	 11.0   	 13.1   	 33.0   	 47.0   	 231   	 15   	 77   	" 1,159   "	" 17,758   "
385	1	4	2	5	1.7	 14.0   	 15.7   	 9.0   	 12.0   	 231   	 15   	 77   	" 1,159   "	" 17,758   "
393	1	1	2	5	2.3	 8.5   	 10.8   	 24.0   	 32.0   	 231   	 15   	 77   	" 1,159   "	" 17,758   "
402	1	3	2	5	2.9	 9.9   	 12.8   	 32.0   	 42.0   	 231   	 15   	 77   	" 1,159   "	" 17,758   "
404	1	2	2	5	1.0	 12.0   	 12.0   	 24.0   	 32.0   	 231   	 15   	 77   	" 1,159   "	" 17,758   "
413	2	3	2	5	1.6	 11.0   	 12.6   	 33.0   	 45.0   	 231   	 15   	 77   	" 1,159   "	" 17,758   "
419	2	4	2	5	2.3	 15.0   	 17.3   	 41.0   	 55.0   	 231   	 15   	 77   	" 1,159   "	" 17,758   "
424	2	2	2	5	1.8	 14.0   	 15.8   	 25.0   	 33.0   	 231   	 15   	 77   	" 1,159   "	" 17,758   "
430	2	1	2	5	1.3	 9.6   	 9.6   	 23.0   	 30.0   	 231   	 15   	 77   	" 1,159   "	" 17,758   "
437	3	4	2	5	1.9	 14.0   	 15.9   	 33.0   	 44.0   	 231   	 15   	 77   	" 1,159   "	" 17,758   "
444	3	3	2	5	5.8	 13.0   	 18.8   	 31.0   	 42.0   	 231   	 15   	 77   	" 1,159   "	" 17,758   "
446	3	1	2	5	1.7	 11.0   	 12.7   	 34.0   	 45.0   	 231   	 15   	 77   	" 1,159   "	" 17,758   "
453	3	2	2	5	1.7	 12.0   	 13.7   	 22.0   	 29.0   	 231   	 15   	 77   	" 1,159   "	" 17,758   "
462	4	2	2	5	1.5	 12.0   	 13.5   	 23.0   	 30.0   	 231   	 15   	 77   	" 1,159   "	" 17,758   "
467	4	1	2	5	1.7	 16.0   	 17.7   	 24.0   	 32.0   	 231   	 15   	 77   	" 1,159   "	" 17,758   "
472	4	3	2	5	0.8	 13.0   	 13.0   	 28.0   	 38.0   	 231   	 15   	 77   	" 1,159   "	" 17,758   "
479	4	4	2	5	0.9	 16.0   	 16.0   	 26.0   	 35.0   	 231   	 15   	 77   	" 1,159   "	" 17,758   "
485	1	2	2	6	NA	3.3	NA	NA	NA	 231   	 15   	 77   	" 1,159   "	" 17,758   "
487	1	3	2	6	NA	4.1	NA	NA	NA	 231   	 15   	 77   	" 1,159   "	" 17,758   "
496	1	1	2	6	NA	3.3	NA	NA	NA	 231   	 15   	 77   	" 1,159   "	" 17,758   "
504	1	4	2	6	NA	4.4	NA	NA	NA	 231   	 15   	 77   	" 1,159   "	" 17,758   "
507	2	1	2	6	NA	3.2	NA	NA	NA	 231   	 15   	 77   	" 1,159   "	" 17,758   "
513	2	2	2	6	NA	3.1	NA	NA	NA	 231   	 15   	 77   	" 1,159   "	" 17,758   "
518	2	4	2	6	NA	3.1	NA	NA	NA	 231   	 15   	 77   	" 1,159   "	" 17,758   "
524	2	3	2	6	NA	2.6	NA	NA	NA	 231   	 15   	 77   	" 1,159   "	" 17,758   "
4	1	4	3	1	0.3	 6.0   	 6.0   	 55.0   	 80.0   	 230   	 28   	 55   	 444   	" 12,539   "
10	1	1	3	1	2.0	 9.9   	 11.9   	 36.0   	 50.0   	 230   	 28   	 55   	 444   	" 12,539   "
16	1	3	3	1	0.3	 6.8   	 6.8   	 39.0   	 58.0   	 230   	 28   	 55   	 444   	" 12,539   "
22	1	2	3	1	3.1	 5.9   	 9.0   	 45.0   	 64.0   	 230   	 28   	 55   	 444   	" 12,539   "
27	2	3	3	1	9.5	 8.5   	 18.0   	 37.0   	 56.0   	 230   	 28   	 55   	 444   	" 12,539   "
36	2	4	3	1	0.5	 4.6   	 4.6   	 47.0   	 67.0   	 230   	 28   	 55   	 444   	" 12,539   "
41	2	2	3	1	0.6	 4.6   	 4.6   	 48.0   	 71.0   	 230   	 28   	 55   	 444   	" 12,539   "
47	2	1	3	1	29.0	 13.0   	 42.0   	 34.0   	 49.0   	 230   	 28   	 55   	 444   	" 12,539   "
50	3	4	3	1	2.7	 4.0   	 6.7   	 36.0   	 51.0   	 230   	 28   	 55   	 444   	" 12,539   "
59	3	3	3	1	0.7	 6.7   	 6.7   	 28.0   	 45.0   	 230   	 28   	 55   	 444   	" 12,539   "
64	3	1	3	1	0.6	 5.0   	 5.0   	 38.0   	 57.0   	 230   	 28   	 55   	 444   	" 12,539   "
68	3	2	3	1	0.3	 5.8   	 5.8   	 25.0   	 39.0   	 230   	 28   	 55   	 444   	" 12,539   "
77	4	2	3	1	0.4	 6.4   	 6.4   	 40.0   	 62.0   	 230   	 28   	 55   	 444   	" 12,539   "
81	4	1	3	1	4.3	 9.1   	 13.4   	 30.0   	 45.0   	 230   	 28   	 55   	 444   	" 12,539   "
90	4	3	3	1	1.4	 7.5   	 7.5   	 25.0   	 37.0   	 230   	 28   	 55   	 444   	" 12,539   "
93	4	4	3	1	0.0	 5.1   	 5.1   	 29.0   	 42.0   	 230   	 28   	 55   	 444   	" 12,539   "
100	1	4	3	2	0.0	 5.8   	 5.8   	 45.0   	 68.0   	 230   	 28   	 55   	 444   	" 12,539   "
106	1	1	3	2	1.5	 7.1   	 8.6   	 29.0   	 40.0   	 230   	 28   	 55   	 444   	" 12,539   "
112	1	3	3	2	9.8	 12.0   	 21.8   	 32.0   	 42.0   	 230   	 28   	 55   	 444   	" 12,539   "
118	1	2	3	2	3.0	 7.1   	 10.1   	 55.0   	 76.0   	 230   	 28   	 55   	 444   	" 12,539   "
123	2	3	3	2	4.1	 23.0   	 27.1   	 36.0   	 51.0   	 230   	 28   	 55   	 444   	" 12,539   "
132	2	4	3	2	7.9	 5.9   	 13.8   	 49.0   	 75.0   	 230   	 28   	 55   	 444   	" 12,539   "
137	2	2	3	2	2.6	 5.3   	 7.9   	 34.0   	 44.0   	 230   	 28   	 55   	 444   	" 12,539   "
143	2	1	3	2	1.9	 4.2   	 6.1   	 29.0   	 44.0   	 230   	 28   	 55   	 444   	" 12,539   "
146	3	4	3	2	2.2	 5.9   	 8.1   	 30.0   	 43.0   	 230   	 28   	 55   	 444   	" 12,539   "
155	3	3	3	2	1.2	 7.1   	 7.1   	 32.0   	 49.0   	 230   	 28   	 55   	 444   	" 12,539   "
160	3	1	3	2	0.2	 4.0   	 4.0   	 31.0   	 47.0   	 230   	 28   	 55   	 444   	" 12,539   "
164	3	2	3	2	3.8	 8.5   	 12.3   	 24.0   	 38.0   	 230   	 28   	 55   	 444   	" 12,539   "
173	4	2	3	2	0.4	 3.7   	 3.7   	 25.0   	 41.0   	 230   	 28   	 55   	 444   	" 12,539   "
177	4	1	3	2	0.4	 4.0   	 4.0   	 28.0   	 39.0   	 230   	 28   	 55   	 444   	" 12,539   "
186	4	3	3	2	0.6	 3.8   	 3.8   	 29.0   	 45.0   	 230   	 28   	 55   	 444   	" 12,539   "
189	4	4	3	2	0.3	 5.5   	 5.5   	 27.0   	 37.0   	 230   	 28   	 55   	 444   	" 12,539   "
196	1	4	3	3	0.0	 2.6   	 2.6   	 65.0   	 91.0   	 230   	 28   	 55   	 444   	" 12,539   "
202	1	1	3	3	0.0	 4.2   	 4.2   	 31.0   	 45.0   	 230   	 28   	 55   	 444   	" 12,539   "
208	1	3	3	3	0.0	 5.7   	 5.7   	 29.0   	 39.0   	 230   	 28   	 55   	 444   	" 12,539   "
214	1	2	3	3	0.0	 3.9   	 3.9   	 49.0   	 70.0   	 230   	 28   	 55   	 444   	" 12,539   "
219	2	3	3	3	0.0	 3.6   	 3.6   	 31.0   	 49.0   	 230   	 28   	 55   	 444   	" 12,539   "
228	2	4	3	3	1.4	 3.4   	 3.4   	 42.0   	 60.0   	 230   	 28   	 55   	 444   	" 12,539   "
233	2	2	3	3	0.3	 5.2   	 5.2   	 38.0   	 47.0   	 230   	 28   	 55   	 444   	" 12,539   "
239	2	1	3	3	1.1	 3.7   	 3.7   	 35.0   	 43.0   	 230   	 28   	 55   	 444   	" 12,539   "
242	3	4	3	3	0.8	 5.0   	 5.0   	 31.0   	 50.0   	 230   	 28   	 55   	 444   	" 12,539   "
251	3	3	3	3	0.2	 4.6   	 4.6   	 29.0   	 42.0   	 230   	 28   	 55   	 444   	" 12,539   "
256	3	1	3	3	0.7	 3.5   	 3.5   	 33.0   	 45.0   	 230   	 28   	 55   	 444   	" 12,539   "
260	3	2	3	3	0.7	 3.0   	 3.0   	 25.0   	 36.0   	 230   	 28   	 55   	 444   	" 12,539   "
269	4	2	3	3	1.1	 4.9   	 4.9   	 21.0   	 31.0   	 230   	 28   	 55   	 444   	" 12,539   "
273	4	1	3	3	0.0	 4.6   	 4.6   	 26.0   	 37.0   	 230   	 28   	 55   	 444   	" 12,539   "
282	4	3	3	3	0.9	 3.5   	 3.5   	 26.0   	 37.0   	 230   	 28   	 55   	 444   	" 12,539   "
285	4	4	3	3	1.0	 5.0   	 5.0   	 24.0   	 33.0   	 230   	 28   	 55   	 444   	" 12,539   "
292	1	4	3	4	0.7	 7.2   	 7.2   	 29.0   	 44.0   	 230   	 28   	 55   	 444   	" 12,539   "
298	1	1	3	4	2.0	 7.0   	 9.0   	 26.0   	 39.0   	 230   	 28   	 55   	 444   	" 12,539   "
304	1	3	3	4	2.1	 8.9   	 11.0   	 16.0   	 25.0   	 230   	 28   	 55   	 444   	" 12,539   "
310	1	2	3	4	1.4	 6.8   	 6.8   	 27.0   	 40.0   	 230   	 28   	 55   	 444   	" 12,539   "
315	2	3	3	4	3.7	 10.0   	 13.7   	 19.0   	 28.0   	 230   	 28   	 55   	 444   	" 12,539   "
324	2	4	3	4	2.0	 5.1   	 7.1   	 28.0   	 42.0   	 230   	 28   	 55   	 444   	" 12,539   "
329	2	2	3	4	1.3	 11.0   	 11.0   	 17.0   	 24.0   	 230   	 28   	 55   	 444   	" 12,539   "
335	2	1	3	4	1.2	 8.3   	 8.3   	 16.0   	 24.0   	 230   	 28   	 55   	 444   	" 12,539   "
338	3	4	3	4	2.1	 3.9   	 6.0   	 26.0   	 36.0   	 230   	 28   	 55   	 444   	" 12,539   "
347	3	3	3	4	1.0	 6.4   	 6.4   	 21.0   	 31.0   	 230   	 28   	 55   	 444   	" 12,539   "
352	3	1	3	4	1.4	 8.1   	 8.1   	 24.0   	 34.0   	 230   	 28   	 55   	 444   	" 12,539   "
356	3	2	3	4	5.2	 16.0   	 21.2   	 15.0   	 21.0   	 230   	 28   	 55   	 444   	" 12,539   "
365	4	2	3	4	2.5	 6.7   	 9.2   	 19.0   	 28.0   	 230   	 28   	 55   	 444   	" 12,539   "
369	4	1	3	4	1.7	 10.0   	 11.7   	 17.0   	 25.0   	 230   	 28   	 55   	 444   	" 12,539   "
378	4	3	3	4	1.3	 4.3   	 4.3   	 20.0   	 30.0   	 230   	 28   	 55   	 444   	" 12,539   "
381	4	4	3	4	4.7	 13.0   	 17.7   	 18.0   	 25.0   	 230   	 28   	 55   	 444   	" 12,539   "
388	1	4	3	5	1.5	 9.2   	 10.7   	 38.0   	 50.0   	 230   	 28   	 55   	 444   	" 12,539   "
394	1	1	3	5	1.5	 8.4   	 9.9   	 16.0   	 21.0   	 230   	 28   	 55   	 444   	" 12,539   "
400	1	3	3	5	7.4	 11.0   	 18.4   	 26.0   	 34.0   	 230   	 28   	 55   	 444   	" 12,539   "
406	1	2	3	5	0.9	 8.9   	 8.9   	 27.0   	 36.0   	 230   	 28   	 55   	 444   	" 12,539   "
411	2	3	3	5	7.6	 13.0   	 20.6   	 25.0   	 33.0   	 230   	 28   	 55   	 444   	" 12,539   "
420	2	4	3	5	16.0	 12.0   	 28.0   	 41.0   	 55.0   	 230   	 28   	 55   	 444   	" 12,539   "
425	2	2	3	5	2.7	 14.0   	 16.7   	 29.0   	 38.0   	 230   	 28   	 55   	 444   	" 12,539   "
431	2	1	3	5	2.2	 8.6   	 10.8   	 12.0   	 17.0   	 230   	 28   	 55   	 444   	" 12,539   "
434	3	4	3	5	1.7	 13.0   	 14.7   	 19.0   	 26.0   	 230   	 28   	 55   	 444   	" 12,539   "
443	3	3	3	5	2.1	 12.0   	 14.1   	 18.0   	 24.0   	 230   	 28   	 55   	 444   	" 12,539   "
448	3	1	3	5	2.5	 12.0   	 14.5   	 17.0   	 23.0   	 230   	 28   	 55   	 444   	" 12,539   "
452	3	2	3	5	2.6	 11.0   	 13.6   	 18.0   	 24.0   	 230   	 28   	 55   	 444   	" 12,539   "
461	4	2	3	5	1.8	 10.0   	 11.8   	 23.0   	 30.0   	 230   	 28   	 55   	 444   	" 12,539   "
465	4	1	3	5	1.4	 16.0   	 16.0   	 19.0   	 25.0   	 230   	 28   	 55   	 444   	" 12,539   "
474	4	3	3	5	0.7	 13.0   	 13.0   	 25.0   	 34.0   	 230   	 28   	 55   	 444   	" 12,539   "
477	4	4	3	5	0.5	 13.0   	 13.0   	 29.0   	 38.0   	 230   	 28   	 55   	 444   	" 12,539   "
483	1	2	3	6	NA	2.8	NA	NA	NA	 230   	 28   	 55   	 444   	" 12,539   "
489	1	3	3	6	NA	3.3	NA	NA	NA	 230   	 28   	 55   	 444   	" 12,539   "
495	1	1	3	6	NA	3.1	NA	NA	NA	 230   	 28   	 55   	 444   	" 12,539   "
501	1	4	3	6	NA	3.6	NA	NA	NA	 230   	 28   	 55   	 444   	" 12,539   "
506	2	1	3	6	NA	3	NA	NA	NA	 230   	 28   	 55   	 444   	" 12,539   "
512	2	2	3	6	NA	3.7	NA	NA	NA	 230   	 28   	 55   	 444   	" 12,539   "
517	2	4	3	6	NA	3.2	NA	NA	NA	 230   	 28   	 55   	 444   	" 12,539   "
526	2	3	3	6	NA	2.9	NA	NA	NA	 230   	 28   	 55   	 444   	" 12,539   "
5	1	4	4	1	1.8	 7.0   	 8.8   	 60.0   	 90.0   	 355   	 28   	 61   	 773   	" 21,526   "
7	1	1	4	1	2.5	 5.4   	 7.9   	 79.0   	 120.0   	 355   	 28   	 61   	 773   	" 21,526   "
15	1	3	4	1	3.3	 6.6   	 9.9   	 51.0   	 72.0   	 355   	 28   	 61   	 773   	" 21,526   "
19	1	2	4	1	1.5	 7.6   	 9.1   	 67.0   	 100.0   	 355   	 28   	 61   	 773   	" 21,526   "
30	2	3	4	1	0.8	 7.5   	 7.5   	 49.0   	 73.0   	 355   	 28   	 61   	 773   	" 21,526   "
34	2	4	4	1	0.4	 5.9   	 5.9   	 75.0   	 110.0   	 355   	 28   	 61   	 773   	" 21,526   "
37	2	2	4	1	0.5	 3.0   	 3.0   	 69.0   	 100.0   	 355   	 28   	 61   	 773   	" 21,526   "
44	2	1	4	1	0.5	 7.3   	 7.3   	 39.0   	 62.0   	 355   	 28   	 61   	 773   	" 21,526   "
49	3	4	4	1	0.3	 3.8   	 3.8   	 57.0   	 86.0   	 355   	 28   	 61   	 773   	" 21,526   "
57	3	3	4	1	0.7	 6.7   	 6.7   	 34.0   	 54.0   	 355   	 28   	 61   	 773   	" 21,526   "
61	3	1	4	1	0.5	 4.9   	 4.9   	 47.0   	 72.0   	 355   	 28   	 61   	 773   	" 21,526   "
67	3	2	4	1	0.3	 6.5   	 6.5   	 36.0   	 53.0   	 355   	 28   	 61   	 773   	" 21,526   "
74	4	2	4	1	0.4	 7.0   	 7.0   	 31.0   	 52.0   	 355   	 28   	 61   	 773   	" 21,526   "
82	4	1	4	1	2.9	 5.6   	 8.5   	 34.0   	 50.0   	 355   	 28   	 61   	 773   	" 21,526   "
89	4	3	4	1	0.9	 6.2   	 6.2   	 28.0   	 46.0   	 355   	 28   	 61   	 773   	" 21,526   "
92	4	4	4	1	2.2	 6.4   	 8.6   	 40.0   	 59.0   	 355   	 28   	 61   	 773   	" 21,526   "
101	1	4	4	2	0.0	 5.3   	 5.3   	 44.0   	 65.0   	 355   	 28   	 61   	 773   	" 21,526   "
103	1	1	4	2	0.0	 4.4   	 4.4   	 63.0   	 88.0   	 355   	 28   	 61   	 773   	" 21,526   "
111	1	3	4	2	2.0	 6.8   	 8.8   	 36.0   	 53.0   	 355   	 28   	 61   	 773   	" 21,526   "
115	1	2	4	2	2.8	 5.0   	 7.8   	 47.0   	 68.0   	 355   	 28   	 61   	 773   	" 21,526   "
126	2	3	4	2	2.8	 7.2   	 10.0   	 44.0   	 59.0   	 355   	 28   	 61   	 773   	" 21,526   "
130	2	4	4	2	1.1	 11.0   	 12.1   	 53.0   	 77.0   	 355   	 28   	 61   	 773   	" 21,526   "
133	2	2	4	2	1.9	 2.7   	 4.6   	 68.0   	 93.0   	 355   	 28   	 61   	 773   	" 21,526   "
140	2	1	4	2	2.4	 3.3   	 5.7   	 34.0   	 46.0   	 355   	 28   	 61   	 773   	" 21,526   "
145	3	4	4	2	2.1	 4.6   	 6.7   	 42.0   	 63.0   	 355   	 28   	 61   	 773   	" 21,526   "
153	3	3	4	2	2.3	 3.9   	 6.2   	 38.0   	 55.0   	 355   	 28   	 61   	 773   	" 21,526   "
157	3	1	4	2	1.7	 6.4   	 8.1   	 48.0   	 72.0   	 355   	 28   	 61   	 773   	" 21,526   "
163	3	2	4	2	0.1	 4.6   	 4.6   	 39.0   	 56.0   	 355   	 28   	 61   	 773   	" 21,526   "
170	4	2	4	2	0.0	 4.9   	 4.9   	 37.0   	 53.0   	 355   	 28   	 61   	 773   	" 21,526   "
178	4	1	4	2	0.3	 4.8   	 4.8   	 35.0   	 49.0   	 355   	 28   	 61   	 773   	" 21,526   "
185	4	3	4	2	1.0	 5.2   	 5.2   	 36.0   	 55.0   	 355   	 28   	 61   	 773   	" 21,526   "
188	4	4	4	2	0.4	 6.8   	 6.8   	 33.0   	 48.0   	 355   	 28   	 61   	 773   	" 21,526   "
197	1	4	4	3	0.0	 5.2   	 5.2   	 38.0   	 46.0   	 355   	 28   	 61   	 773   	" 21,526   "
199	1	1	4	3	0.0	 4.5   	 4.5   	 41.0   	 59.0   	 355   	 28   	 61   	 773   	" 21,526   "
207	1	3	4	3	0.4	 4.7   	 4.7   	 37.0   	 49.0   	 355   	 28   	 61   	 773   	" 21,526   "
211	1	2	4	3	0.2	 5.1   	 5.1   	 57.0   	 82.0   	 355   	 28   	 61   	 773   	" 21,526   "
222	2	3	4	3	0.4	 4.0   	 4.0   	 46.0   	 67.0   	 355   	 28   	 61   	 773   	" 21,526   "
226	2	4	4	3	0.1	 3.5   	 3.5   	 72.0   	 110.0   	 355   	 28   	 61   	 773   	" 21,526   "
229	2	2	4	3	0.2	 4.3   	 4.3   	 53.0   	 70.0   	 355   	 28   	 61   	 773   	" 21,526   "
236	2	1	4	3	0.1	 4.2   	 4.2   	 34.0   	 44.0   	 355   	 28   	 61   	 773   	" 21,526   "
241	3	4	4	3	0.8	 4.0   	 4.0   	 41.0   	 56.0   	 355   	 28   	 61   	 773   	" 21,526   "
249	3	3	4	3	1.9	 5.6   	 7.5   	 35.0   	 46.0   	 355   	 28   	 61   	 773   	" 21,526   "
253	3	1	4	3	0.7	 4.4   	 4.4   	 45.0   	 63.0   	 355   	 28   	 61   	 773   	" 21,526   "
259	3	2	4	3	0.9	 5.5   	 5.5   	 35.0   	 50.0   	 355   	 28   	 61   	 773   	" 21,526   "
266	4	2	4	3	1.8	 3.2   	 5.0   	 33.0   	 50.0   	 355   	 28   	 61   	 773   	" 21,526   "
274	4	1	4	3	0.5	 4.6   	 4.6   	 39.0   	 54.0   	 355   	 28   	 61   	 773   	" 21,526   "
281	4	3	4	3	0.8	 4.7   	 4.7   	 35.0   	 48.0   	 355   	 28   	 61   	 773   	" 21,526   "
284	4	4	4	3	0.8	 4.6   	 4.6   	 32.0   	 43.0   	 355   	 28   	 61   	 773   	" 21,526   "
293	1	4	4	4	3.0	 2.9   	 5.9   	 26.0   	 41.0   	 355   	 28   	 61   	 773   	" 21,526   "
295	1	1	4	4	3.4	 8.8   	 12.2   	 90.0   	 130.0   	 355   	 28   	 61   	 773   	" 21,526   "
303	1	3	4	4	6.6	 9.0   	 15.6   	 21.0   	 32.0   	 355   	 28   	 61   	 773   	" 21,526   "
307	1	2	4	4	1.5	 10.0   	 11.5   	 28.0   	 42.0   	 355   	 28   	 61   	 773   	" 21,526   "
318	2	3	4	4	1.3	 9.5   	 9.5   	 26.0   	 34.0   	 355   	 28   	 61   	 773   	" 21,526   "
322	2	4	4	4	1.3	 6.5   	 6.5   	 56.0   	 84.0   	 355   	 28   	 61   	 773   	" 21,526   "
325	2	2	4	4	1.4	 9.9   	 9.9   	 45.0   	 62.0   	 355   	 28   	 61   	 773   	" 21,526   "
332	2	1	4	4	3.2	 10.0   	 13.2   	 18.0   	 27.0   	 355   	 28   	 61   	 773   	" 21,526   "
337	3	4	4	4	0.7	 7.7   	 7.7   	 26.0   	 37.0   	 355   	 28   	 61   	 773   	" 21,526   "
345	3	3	4	4	1.2	 11.0   	 11.0   	 24.0   	 35.0   	 355   	 28   	 61   	 773   	" 21,526   "
349	3	1	4	4	4.2	 7.1   	 11.3   	 30.0   	 43.0   	 355   	 28   	 61   	 773   	" 21,526   "
355	3	2	4	4	3.0	 13.0   	 16.0   	 17.0   	 24.0   	 355   	 28   	 61   	 773   	" 21,526   "
362	4	2	4	4	2.6	 9.6   	 12.2   	 20.0   	 27.0   	 355   	 28   	 61   	 773   	" 21,526   "
370	4	1	4	4	1.6	 11.0   	 12.6   	 25.0   	 33.0   	 355   	 28   	 61   	 773   	" 21,526   "
377	4	3	4	4	1.5	 11.0   	 12.5   	 23.0   	 36.0   	 355   	 28   	 61   	 773   	" 21,526   "
380	4	4	4	4	4.9	 14.0   	 18.9   	 25.0   	 34.0   	 355   	 28   	 61   	 773   	" 21,526   "
389	1	4	4	5	1.4	 11.0   	 11.0   	 41.0   	 55.0   	 355   	 28   	 61   	 773   	" 21,526   "
391	1	1	4	5	2.4	 9.8   	 12.2   	 24.0   	 32.0   	 355   	 28   	 61   	 773   	" 21,526   "
399	1	3	4	5	1.0	 13.0   	 13.0   	 28.0   	 37.0   	 355   	 28   	 61   	 773   	" 21,526   "
403	1	2	4	5	1.3	 11.0   	 11.0   	 35.0   	 47.0   	 355   	 28   	 61   	 773   	" 21,526   "
414	2	3	4	5	7.5	 13.0   	 20.5   	 33.0   	 44.0   	 355   	 28   	 61   	 773   	" 21,526   "
418	2	4	4	5	1.7	 12.0   	 13.7   	 64.0   	 85.0   	 355   	 28   	 61   	 773   	" 21,526   "
421	2	2	4	5	1.5	 14.0   	 15.5   	 64.0   	 85.0   	 355   	 28   	 61   	 773   	" 21,526   "
428	2	1	4	5	1.1	 9.2   	 9.2   	 18.0   	 24.0   	 355   	 28   	 61   	 773   	" 21,526   "
433	3	4	4	5	2.3	 12.0   	 14.3   	 29.0   	 39.0   	 355   	 28   	 61   	 773   	" 21,526   "
441	3	3	4	5	1.5	 13.0   	 14.5   	 26.0   	 34.0   	 355   	 28   	 61   	 773   	" 21,526   "
445	3	1	4	5	3.7	 15.0   	 18.7   	 27.0   	 36.0   	 355   	 28   	 61   	 773   	" 21,526   "
451	3	2	4	5	1.2	 13.0   	 13.0   	 20.0   	 27.0   	 355   	 28   	 61   	 773   	" 21,526   "
458	4	2	4	5	1.5	 11.0   	 12.5   	 23.0   	 30.0   	 355   	 28   	 61   	 773   	" 21,526   "
466	4	1	4	5	1.4	 15.0   	 15.0   	 24.0   	 33.0   	 355   	 28   	 61   	 773   	" 21,526   "
473	4	3	4	5	1.8	 13.0   	 14.8   	 22.0   	 29.0   	 355   	 28   	 61   	 773   	" 21,526   "
476	4	4	4	5	0.4	 14.0   	 14.0   	 26.0   	 35.0   	 355   	 28   	 61   	 773   	" 21,526   "
486	1	2	4	6	NA	3.4	NA	NA	NA	 355   	 28   	 61   	 773   	" 21,526   "
490	1	3	4	6	NA	3.8	NA	NA	NA	 355   	 28   	 61   	 773   	" 21,526   "
498	1	1	4	6	NA	3.7	NA	NA	NA	 355   	 28   	 61   	 773   	" 21,526   "
500	1	4	4	6	NA	3.3	NA	NA	NA	 355   	 28   	 61   	 773   	" 21,526   "
509	2	1	4	6	NA	3.6	NA	NA	NA	 355   	 28   	 61   	 773   	" 21,526   "
516	2	2	4	6	NA	3.4	NA	NA	NA	 355   	 28   	 61   	 773   	" 21,526   "
519	2	4	4	6	NA	2.5	NA	NA	NA	 355   	 28   	 61   	 773   	" 21,526   "
523	2	3	4	6	NA	2.5	NA	NA	NA	 355   	 28   	 61   	 773   	" 21,526   "
3	1	4	5	1	0.1	 5.7   	 5.7   	 60.0   	 85.0   	 1   	 1   	 1   	 1   	 1   
11	1	1	5	1	0.3	 13.0   	 13.0   	 25.0   	 37.0   	 1   	 1   	 1   	 1   	 1   
13	1	3	5	1	0.2	 11.0   	 11.0   	 33.0   	 47.0   	 1   	 1   	 1   	 1   	 1   
24	1	2	5	1	2.4	 16.0   	 18.4   	 33.0   	 56.0   	 1   	 1   	 1   	 1   	 1   
25	2	3	5	1	0.9	 14.0   	 14.0   	 31.0   	 46.0   	 1   	 1   	 1   	 1   	 1   
32	2	4	5	1	4.0	 8.2   	 12.2   	 32.0   	 50.0   	 1   	 1   	 1   	 1   	 1   
39	2	2	5	1	3.5	 11.0   	 14.5   	 33.0   	 50.0   	 1   	 1   	 1   	 1   	 1   
43	2	1	5	1	0.3	 29.0   	 29.0   	 41.0   	 62.0   	 1   	 1   	 1   	 1   	 1   
54	3	4	5	1	2.7	 10.0   	 12.7   	 24.0   	 34.0   	 1   	 1   	 1   	 1   	 1   
55	3	3	5	1	0.7	 13.0   	 13.0   	 22.0   	 33.0   	 1   	 1   	 1   	 1   	 1   
63	3	1	5	1	0.7	 23.0   	 23.0   	 41.0   	 62.0   	 1   	 1   	 1   	 1   	 1   
72	3	2	5	1	0.7	 15.0   	 15.0   	 17.0   	 28.0   	 1   	 1   	 1   	 1   	 1   
76	4	2	5	1	0.5	 10.0   	 10.0   	 21.0   	 33.0   	 1   	 1   	 1   	 1   	 1   
80	4	1	5	1	2.6	 20.0   	 22.6   	 28.0   	 41.0   	 1   	 1   	 1   	 1   	 1   
86	4	3	5	1	0.3	 10.0   	 10.0   	 23.0   	 36.0   	 1   	 1   	 1   	 1   	 1   
96	4	4	5	1	0.0	 10.0   	 10.0   	 21.0   	 30.0   	 1   	 1   	 1   	 1   	 1   
99	1	4	5	2	0.0	 6.9   	 6.9   	 36.0   	 48.0   	 1   	 1   	 1   	 1   	 1   
107	1	1	5	2	1.9	 15.0   	 16.9   	 25.0   	 34.0   	 1   	 1   	 1   	 1   	 1   
109	1	3	5	2	1.3	 14.0   	 14.0   	 23.0   	 32.0   	 1   	 1   	 1   	 1   	 1   
120	1	2	5	2	1.5	 14.0   	 15.5   	 34.0   	 50.0   	 1   	 1   	 1   	 1   	 1   
121	2	3	5	2	1.9	 14.0   	 15.9   	 25.0   	 35.0   	 1   	 1   	 1   	 1   	 1   
128	2	4	5	2	2.1	 4.5   	 6.6   	 34.0   	 56.0   	 1   	 1   	 1   	 1   	 1   
135	2	2	5	2	1.5	 12.0   	 13.5   	 29.0   	 39.0   	 1   	 1   	 1   	 1   	 1   
139	2	1	5	2	3.0	 17.0   	 20.0   	 28.0   	 38.0   	 1   	 1   	 1   	 1   	 1   
150	3	4	5	2	2.1	 7.0   	 9.1   	 22.0   	 34.0   	 1   	 1   	 1   	 1   	 1   
151	3	3	5	2	2.8	 16.0   	 18.8   	 25.0   	 37.0   	 1   	 1   	 1   	 1   	 1   
159	3	1	5	2	3.0	 14.0   	 17.0   	 26.0   	 37.0   	 1   	 1   	 1   	 1   	 1   
168	3	2	5	2	0.0	 15.0   	 15.0   	 20.0   	 30.0   	 1   	 1   	 1   	 1   	 1   
172	4	2	5	2	1.4	 12.0   	 12.0   	 20.0   	 31.0   	 1   	 1   	 1   	 1   	 1   
176	4	1	5	2	0.2	 20.0   	 20.0   	 28.0   	 46.0   	 1   	 1   	 1   	 1   	 1   
182	4	3	5	2	0.0	 16.0   	 16.0   	 22.0   	 33.0   	 1   	 1   	 1   	 1   	 1   
192	4	4	5	2	7.7	 13.0   	 20.7   	 20.0   	 30.0   	 1   	 1   	 1   	 1   	 1   
195	1	4	5	3	0.0	 4.0   	 4.0   	 34.0   	 47.0   	 1   	 1   	 1   	 1   	 1   
203	1	1	5	3	0.0	 15.0   	 15.0   	 33.0   	 43.0   	 1   	 1   	 1   	 1   	 1   
205	1	3	5	3	4.8	 9.8   	 14.6   	 24.0   	 32.0   	 1   	 1   	 1   	 1   	 1   
216	1	2	5	3	0.0	 9.9   	 9.9   	 28.0   	 43.0   	 1   	 1   	 1   	 1   	 1   
217	2	3	5	3	0.1	 12.0   	 12.0   	 32.0   	 45.0   	 1   	 1   	 1   	 1   	 1   
224	2	4	5	3	2.8	 5.8   	 8.6   	 33.0   	 48.0   	 1   	 1   	 1   	 1   	 1   
231	2	2	5	3	1.4	 7.7   	 7.7   	 25.0   	 34.0   	 1   	 1   	 1   	 1   	 1   
235	2	1	5	3	0.1	 11.0   	 11.0   	 33.0   	 41.0   	 1   	 1   	 1   	 1   	 1   
246	3	4	5	3	0.8	 6.6   	 6.6   	 20.0   	 27.0   	 1   	 1   	 1   	 1   	 1   
247	3	3	5	3	2.9	 9.1   	 12.0   	 23.0   	 32.0   	 1   	 1   	 1   	 1   	 1   
255	3	1	5	3	1.1	 12.0   	 12.0   	 25.0   	 38.0   	 1   	 1   	 1   	 1   	 1   
264	3	2	5	3	2.1	 8.1   	 10.2   	 18.0   	 27.0   	 1   	 1   	 1   	 1   	 1   
268	4	2	5	3	1.1	 4.6   	 4.6   	 22.0   	 31.0   	 1   	 1   	 1   	 1   	 1   
272	4	1	5	3	1.5	 9.6   	 11.1   	 26.0   	 32.0   	 1   	 1   	 1   	 1   	 1   
278	4	3	5	3	0.2	 6.9   	 6.9   	 24.0   	 39.0   	 1   	 1   	 1   	 1   	 1   
288	4	4	5	3	1.2	 10.0   	 10.0   	 20.0   	 30.0   	 1   	 1   	 1   	 1   	 1   
291	1	4	5	4	1.9	 10.0   	 11.9   	 25.0   	 37.0   	 1   	 1   	 1   	 1   	 1   
299	1	1	5	4	2.7	 9.3   	 12.0   	 18.0   	 28.0   	 1   	 1   	 1   	 1   	 1   
301	1	3	5	4	1.7	 11.0   	 12.7   	 14.0   	 21.0   	 1   	 1   	 1   	 1   	 1   
312	1	2	5	4	1.4	 12.0   	 12.0   	 14.0   	 23.0   	 1   	 1   	 1   	 1   	 1   
313	2	3	5	4	1.7	 9.8   	 11.5   	 18.0   	 24.0   	 1   	 1   	 1   	 1   	 1   
320	2	4	5	4	0.9	 9.9   	 9.9   	 21.0   	 33.0   	 1   	 1   	 1   	 1   	 1   
327	2	2	5	4	1.2	 11.0   	 11.0   	 15.0   	 22.0   	 1   	 1   	 1   	 1   	 1   
331	2	1	5	4	2.0	 8.0   	 10.0   	 16.0   	 22.0   	 1   	 1   	 1   	 1   	 1   
342	3	4	5	4	2.9	 13.0   	 15.9   	 15.0   	 21.0   	 1   	 1   	 1   	 1   	 1   
343	3	3	5	4	2.0	 11.0   	 13.0   	 17.0   	 24.0   	 1   	 1   	 1   	 1   	 1   
351	3	1	5	4	0.9	 7.6   	 7.6   	 20.0   	 29.0   	 1   	 1   	 1   	 1   	 1   
360	3	2	5	4	2.1	 9.1   	 11.2   	 13.0   	 18.0   	 1   	 1   	 1   	 1   	 1   
364	4	2	5	4	7.7	 13.0   	 20.7   	 15.0   	 21.0   	 1   	 1   	 1   	 1   	 1   
368	4	1	5	4	2.1	 13.0   	 15.1   	 15.0   	 22.0   	 1   	 1   	 1   	 1   	 1   
374	4	3	5	4	2.3	 12.0   	 14.3   	 15.0   	 22.0   	 1   	 1   	 1   	 1   	 1   
384	4	4	5	4	2.5	 17.0   	 19.5   	 15.0   	 19.0   	 1   	 1   	 1   	 1   	 1   
387	1	4	5	5	1.1	 9.1   	 9.1   	 24.0   	 32.0   	 1   	 1   	 1   	 1   	 1   
395	1	1	5	5	1.2	 11.0   	 11.0   	 17.0   	 23.0   	 1   	 1   	 1   	 1   	 1   
397	1	3	5	5	0.9	 9.1   	 9.1   	 30.0   	 40.0   	 1   	 1   	 1   	 1   	 1   
408	1	2	5	5	1.0	 9.4   	 9.4   	 23.0   	 31.0   	 1   	 1   	 1   	 1   	 1   
409	2	3	5	5	0.8	 8.9   	 8.9   	 30.0   	 40.0   	 1   	 1   	 1   	 1   	 1   
416	2	4	5	5	3.1	 11.0   	 14.1   	 29.0   	 39.0   	 1   	 1   	 1   	 1   	 1   
423	2	2	5	5	1.4	 11.0   	 11.0   	 31.0   	 41.0   	 1   	 1   	 1   	 1   	 1   
427	2	1	5	5	1.2	 9.0   	 9.0   	 14.0   	 19.0   	 1   	 1   	 1   	 1   	 1   
438	3	4	5	5	1.4	 11.0   	 11.0   	 26.0   	 34.0   	 1   	 1   	 1   	 1   	 1   
439	3	3	5	5	1.4	 12.0   	 12.0   	 23.0   	 30.0   	 1   	 1   	 1   	 1   	 1   
447	3	1	5	5	1.2	 9.3   	 9.3   	 15.0   	 20.0   	 1   	 1   	 1   	 1   	 1   
456	3	2	5	5	1.2	 12.0   	 12.0   	 19.0   	 26.0   	 1   	 1   	 1   	 1   	 1   
460	4	2	5	5	1.5	 9.3   	 10.8   	 28.0   	 38.0   	 1   	 1   	 1   	 1   	 1   
464	4	1	5	5	1.9	 13.0   	 14.9   	 17.0   	 22.0   	 1   	 1   	 1   	 1   	 1   
470	4	3	5	5	0.4	 11.0   	 11.0   	 24.0   	 32.0   	 1   	 1   	 1   	 1   	 1   
480	4	4	5	5	6.9	 21.0   	 27.9   	 17.0   	 23.0   	 1   	 1   	 1   	 1   	 1   
481	1	2	5	6	NA	2	NA	NA	NA	 1   	 1   	 1   	 1   	 1   
492	1	3	5	6	NA	3	NA	NA	NA	 1   	 1   	 1   	 1   	 1   
494	1	1	5	6	NA	2.5	NA	NA	NA	 1   	 1   	 1   	 1   	 1   
502	1	4	5	6	NA	2.7	NA	NA	NA	 1   	 1   	 1   	 1   	 1   
510	2	1	5	6	NA	3.7	NA	NA	NA	 1   	 1   	 1   	 1   	 1   
514	2	2	5	6	NA	3.6	NA	NA	NA	 1   	 1   	 1   	 1   	 1   
521	2	4	5	6	NA	3.9	NA	NA	NA	 1   	 1   	 1   	 1   	 1   
528	2	3	5	6	NA	1.9	NA	NA	NA	 1   	 1   	 1   	 1   	 1   
6	1	4	6	1	0.1	 6.8   	 6.8   	 51.0   	 72.0   	 -     	 -     	 -     	 -     	 -     
12	1	1	6	1	4.5	 14.0   	 18.5   	 33.0   	 46.0   	 -     	 -     	 -     	 -     	 -     
17	1	3	6	1	1.2	 16.0   	 16.0   	 31.0   	 45.0   	 -     	 -     	 -     	 -     	 -     
23	1	2	6	1	0.3	 10.0   	 10.0   	 48.0   	 69.0   	 -     	 -     	 -     	 -     	 -     
28	2	3	6	1	2.5	 11.0   	 13.5   	 30.0   	 46.0   	 -     	 -     	 -     	 -     	 -     
33	2	4	6	1	7.3	 6.8   	 14.1   	 65.0   	 97.0   	 -     	 -     	 -     	 -     	 -     
42	2	2	6	1	1.7	 12.0   	 13.7   	 30.0   	 43.0   	 -     	 -     	 -     	 -     	 -     
45	2	1	6	1	0.4	 10.0   	 10.0   	 30.0   	 47.0   	 -     	 -     	 -     	 -     	 -     
51	3	4	6	1	0.4	 7.6   	 7.6   	 23.0   	 35.0   	 -     	 -     	 -     	 -     	 -     
56	3	3	6	1	3.8	 11.0   	 14.8   	 24.0   	 38.0   	 -     	 -     	 -     	 -     	 -     
65	3	1	6	1	1.1	 9.5   	 9.5   	 26.0   	 40.0   	 -     	 -     	 -     	 -     	 -     
70	3	2	6	1	0.4	 13.0   	 13.0   	 21.0   	 31.0   	 -     	 -     	 -     	 -     	 -     
73	4	2	6	1	0.8	 8.4   	 8.4   	 21.0   	 36.0   	 -     	 -     	 -     	 -     	 -     
84	4	1	6	1	0.0	 9.1   	 9.1   	 25.0   	 39.0   	 -     	 -     	 -     	 -     	 -     
87	4	3	6	1	1.6	 8.4   	 10.0   	 21.0   	 35.0   	 -     	 -     	 -     	 -     	 -     
91	4	4	6	1	0.7	 9.1   	 9.1   	 20.0   	 32.0   	 -     	 -     	 -     	 -     	 -     
102	1	4	6	2	0.0	 8.3   	 8.3   	 44.0   	 62.0   	 -     	 -     	 -     	 -     	 -     
108	1	1	6	2	2.7	 11.0   	 13.7   	 23.0   	 33.0   	 -     	 -     	 -     	 -     	 -     
113	1	3	6	2	4.5	 16.0   	 20.5   	 24.0   	 35.0   	 -     	 -     	 -     	 -     	 -     
119	1	2	6	2	6.9	 14.0   	 20.9   	 48.0   	 70.0   	 -     	 -     	 -     	 -     	 -     
124	2	3	6	2	2.1	 13.0   	 15.1   	 28.0   	 36.0   	 -     	 -     	 -     	 -     	 -     
129	2	4	6	2	2.5	 5.7   	 8.2   	 50.0   	 69.0   	 -     	 -     	 -     	 -     	 -     
138	2	2	6	2	2.6	 14.0   	 16.6   	 24.0   	 34.0   	 -     	 -     	 -     	 -     	 -     
141	2	1	6	2	2.5	 9.8   	 12.3   	 24.0   	 35.0   	 -     	 -     	 -     	 -     	 -     
147	3	4	6	2	2.0	 5.4   	 7.4   	 27.0   	 39.0   	 -     	 -     	 -     	 -     	 -     
152	3	3	6	2	3.1	 11.0   	 14.1   	 25.0   	 34.0   	 -     	 -     	 -     	 -     	 -     
161	3	1	6	2	0.3	 11.0   	 11.0   	 26.0   	 38.0   	 -     	 -     	 -     	 -     	 -     
166	3	2	6	2	0.4	 10.0   	 10.0   	 20.0   	 34.0   	 -     	 -     	 -     	 -     	 -     
169	4	2	6	2	0.0	 9.4   	 9.4   	 20.0   	 29.0   	 -     	 -     	 -     	 -     	 -     
180	4	1	6	2	2.8	 9.4   	 12.2   	 28.0   	 39.0   	 -     	 -     	 -     	 -     	 -     
183	4	3	6	2	0.3	 11.0   	 11.0   	 21.0   	 29.0   	 -     	 -     	 -     	 -     	 -     
187	4	4	6	2	0.5	 8.5   	 8.5   	 20.0   	 29.0   	 -     	 -     	 -     	 -     	 -     
198	1	4	6	3	0.0	 4.3   	 4.3   	 69.0   	 100.0   	 -     	 -     	 -     	 -     	 -     
204	1	1	6	3	0.0	 8.3   	 8.3   	 24.0   	 33.0   	 -     	 -     	 -     	 -     	 -     
209	1	3	6	3	0.0	 9.8   	 9.8   	 25.0   	 30.0   	 -     	 -     	 -     	 -     	 -     
215	1	2	6	3	0.0	 9.0   	 9.0   	 36.0   	 48.0   	 -     	 -     	 -     	 -     	 -     
220	2	3	6	3	0.4	 6.9   	 6.9   	 27.0   	 36.0   	 -     	 -     	 -     	 -     	 -     
225	2	4	6	3	0.8	 4.8   	 4.8   	 33.0   	 48.0   	 -     	 -     	 -     	 -     	 -     
234	2	2	6	3	0.0	 10.0   	 10.0   	 25.0   	 31.0   	 -     	 -     	 -     	 -     	 -     
237	2	1	6	3	0.0	 6.6   	 6.6   	 30.0   	 41.0   	 -     	 -     	 -     	 -     	 -     
243	3	4	6	3	0.6	 5.8   	 5.8   	 26.0   	 36.0   	 -     	 -     	 -     	 -     	 -     
248	3	3	6	3	1.1	 7.9   	 7.9   	 24.0   	 30.0   	 -     	 -     	 -     	 -     	 -     
257	3	1	6	3	0.9	 8.8   	 8.8   	 23.0   	 36.0   	 -     	 -     	 -     	 -     	 -     
262	3	2	6	3	0.9	 7.5   	 7.5   	 20.0   	 28.0   	 -     	 -     	 -     	 -     	 -     
265	4	2	6	3	2.0	 6.1   	 8.1   	 18.0   	 27.0   	 -     	 -     	 -     	 -     	 -     
276	4	1	6	3	1.5	 6.6   	 8.1   	 26.0   	 36.0   	 -     	 -     	 -     	 -     	 -     
279	4	3	6	3	0.2	 8.4   	 8.4   	 22.0   	 33.0   	 -     	 -     	 -     	 -     	 -     
283	4	4	6	3	0.8	 7.4   	 7.4   	 21.0   	 30.0   	 -     	 -     	 -     	 -     	 -     
294	1	4	6	4	1.4	 8.6   	 8.6   	 43.0   	 65.0   	 -     	 -     	 -     	 -     	 -     
300	1	1	6	4	1.4	 9.7   	 9.7   	 15.0   	 23.0   	 -     	 -     	 -     	 -     	 -     
305	1	3	6	4	1.9	 11.0   	 12.9   	 15.0   	 23.0   	 -     	 -     	 -     	 -     	 -     
311	1	2	6	4	1.8	 12.0   	 13.8   	 16.0   	 25.0   	 -     	 -     	 -     	 -     	 -     
316	2	3	6	4	18.0	 13.0   	 31.0   	 22.0   	 30.0   	 -     	 -     	 -     	 -     	 -     
321	2	4	6	4	9.5	 13.0   	 22.5   	 19.0   	 30.0   	 -     	 -     	 -     	 -     	 -     
330	2	2	6	4	1.2	 12.0   	 12.0   	 15.0   	 20.0   	 -     	 -     	 -     	 -     	 -     
333	2	1	6	4	1.4	 7.1   	 7.1   	 18.0   	 26.0   	 -     	 -     	 -     	 -     	 -     
339	3	4	6	4	1.1	 10.0   	 10.0   	 15.0   	 21.0   	 -     	 -     	 -     	 -     	 -     
344	3	3	6	4	1.0	 12.0   	 12.0   	 17.0   	 24.0   	 -     	 -     	 -     	 -     	 -     
353	3	1	6	4	2.3	 8.3   	 10.6   	 20.0   	 25.0   	 -     	 -     	 -     	 -     	 -     
358	3	2	6	4	5.7	 11.0   	 16.7   	 13.0   	 20.0   	 -     	 -     	 -     	 -     	 -     
361	4	2	6	4	2.6	 9.8   	 12.4   	 15.0   	 19.0   	 -     	 -     	 -     	 -     	 -     
372	4	1	6	4	5.4	 13.0   	 18.4   	 17.0   	 26.0   	 -     	 -     	 -     	 -     	 -     
375	4	3	6	4	0.8	 12.0   	 12.0   	 17.0   	 25.0   	 -     	 -     	 -     	 -     	 -     
379	4	4	6	4	1.5	 14.0   	 15.5   	 16.0   	 22.0   	 -     	 -     	 -     	 -     	 -     
390	1	4	6	5	1.2	 7.7   	 7.7   	 41.0   	 55.0   	 -     	 -     	 -     	 -     	 -     
396	1	1	6	5	1.1	 6.9   	 6.9   	 17.0   	 22.0   	 -     	 -     	 -     	 -     	 -     
401	1	3	6	5	1.0	 9.0   	 9.0   	 20.0   	 27.0   	 -     	 -     	 -     	 -     	 -     
407	1	2	6	5	1.4	 6.8   	 6.8   	 33.0   	 45.0   	 -     	 -     	 -     	 -     	 -     
412	2	3	6	5	1.2	 12.0   	 12.0   	 21.0   	 28.0   	 -     	 -     	 -     	 -     	 -     
417	2	4	6	5	2.5	 13.0   	 15.5   	 18.0   	 25.0   	 -     	 -     	 -     	 -     	 -     
426	2	2	6	5	1.4	 11.0   	 11.0   	 16.0   	 22.0   	 -     	 -     	 -     	 -     	 -     
429	2	1	6	5	1.2	 8.4   	 8.4   	 13.0   	 17.0   	 -     	 -     	 -     	 -     	 -     
435	3	4	6	5	1.7	 11.0   	 12.7   	 18.0   	 24.0   	 -     	 -     	 -     	 -     	 -     
440	3	3	6	5	1.5	 11.0   	 12.5   	 18.0   	 24.0   	 -     	 -     	 -     	 -     	 -     
449	3	1	6	5	4.7	 11.0   	 15.7   	 15.0   	 20.0   	 -     	 -     	 -     	 -     	 -     
454	3	2	6	5	2.1	 9.8   	 11.9   	 15.0   	 20.0   	 -     	 -     	 -     	 -     	 -     
457	4	2	6	5	1.8	 10.0   	 11.8   	 15.0   	 20.0   	 -     	 -     	 -     	 -     	 -     
468	4	1	6	5	0.9	 12.0   	 12.0   	 19.0   	 26.0   	 -     	 -     	 -     	 -     	 -     
471	4	3	6	5	0.5	 12.0   	 12.0   	 17.0   	 22.0   	 -     	 -     	 -     	 -     	 -     
475	4	4	6	5	2.4	 14.0   	 16.4   	 14.0   	 18.0   	 -     	 -     	 -     	 -     	 -     
482	1	2	6	6	NA	2	NA	NA	NA	 -     	 -     	 -     	 -     	 -     
488	1	3	6	6	NA	3.1	NA	NA	NA	 -     	 -     	 -     	 -     	 -     
493	1	1	6	6	NA	2.5	NA	NA	NA	 -     	 -     	 -     	 -     	 -     
499	1	4	6	6	NA	3.3	NA	NA	NA	 -     	 -     	 -     	 -     	 -     
508	2	1	6	6	NA	3	NA	NA	NA	 -     	 -     	 -     	 -     	 -     
511	2	2	6	6	NA	3.4	NA	NA	NA	 -     	 -     	 -     	 -     	 -     
520	2	4	6	6	NA	3.2	NA	NA	NA	 -     	 -     	 -     	 -     	 -     
525	2	3	6	6	NA	2	NA	NA	NA	 -     	 -     	 -     	 -     	 -     
