ID	ker	kas	lan	time	ammN	nitN	liuN	Smgkg	Smgl
1	1	4	2	1	0.1	 6.0   	 6.0   	 66.0   	 94.0   
2	1	4	1	1	0.1	 5.5   	 5.5   	 73.0   	 110.0   
3	1	4	5	1	0.1	 5.7   	 5.7   	 60.0   	 85.0   
4	1	4	3	1	0.3	 6.0   	 6.0   	 55.0   	 80.0   
5	1	4	4	1	1.8	 7.0   	 8.8   	 60.0   	 90.0   
6	1	4	6	1	0.1	 6.8   	 6.8   	 51.0   	 72.0   
7	1	1	4	1	2.5	 5.4   	 7.9   	 79.0   	 120.0   
8	1	1	1	1	0.4	 5.8   	 5.8   	 52.0   	 79.0   
9	1	1	2	1	0.0	 5.8   	 5.8   	 52.0   	 79.0   
10	1	1	3	1	2.0	 9.9   	 11.9   	 36.0   	 50.0   
11	1	1	5	1	0.3	 13.0   	 13.0   	 25.0   	 37.0   
12	1	1	6	1	4.5	 14.0   	 18.5   	 33.0   	 46.0   
13	1	3	5	1	0.2	 11.0   	 11.0   	 33.0   	 47.0   
14	1	3	1	1	0.4	 9.1   	 9.1   	 65.0   	 93.0   
15	1	3	4	1	3.3	 6.6   	 9.9   	 51.0   	 72.0   
16	1	3	3	1	0.3	 6.8   	 6.8   	 39.0   	 58.0   
17	1	3	6	1	1.2	 16.0   	 16.0   	 31.0   	 45.0   
18	1	3	2	1	4.7	 6.5   	 11.2   	 62.0   	 93.0   
19	1	2	4	1	1.5	 7.6   	 9.1   	 67.0   	 100.0   
20	1	2	2	1	0.2	 6.8   	 6.8   	 62.0   	 91.0   
21	1	2	1	1	0.1	 9.3   	 9.3   	 63.0   	 98.0   
22	1	2	3	1	3.1	 5.9   	 9.0   	 45.0   	 64.0   
23	1	2	6	1	0.3	 10.0   	 10.0   	 48.0   	 69.0   
24	1	2	5	1	2.4	 16.0   	 18.4   	 33.0   	 56.0   
25	2	3	5	1	0.9	 14.0   	 14.0   	 31.0   	 46.0   
26	2	3	1	1	8.0	 5.3   	 13.3   	 55.0   	 85.0   
27	2	3	3	1	9.5	 8.5   	 18.0   	 37.0   	 56.0   
28	2	3	6	1	2.5	 11.0   	 13.5   	 30.0   	 46.0   
29	2	3	2	1	0.1	 6.7   	 6.7   	 47.0   	 79.0   
30	2	3	4	1	0.8	 7.5   	 7.5   	 49.0   	 73.0   
31	2	4	1	1	0.4	 4.1   	 4.1   	 85.0   	 120.0   
32	2	4	5	1	4.0	 8.2   	 12.2   	 32.0   	 50.0   
33	2	4	6	1	7.3	 6.8   	 14.1   	 65.0   	 97.0   
34	2	4	4	1	0.4	 5.9   	 5.9   	 75.0   	 110.0   
35	2	4	2	1	0.6	 3.9   	 3.9   	 53.0   	 82.0   
36	2	4	3	1	0.5	 4.6   	 4.6   	 47.0   	 67.0   
37	2	2	4	1	0.5	 3.0   	 3.0   	 69.0   	 100.0   
38	2	2	1	1	0.3	 5.4   	 5.4   	 72.0   	 110.0   
39	2	2	5	1	3.5	 11.0   	 14.5   	 33.0   	 50.0   
40	2	2	2	1	0.5	 3.7   	 3.7   	 55.0   	 85.0   
41	2	2	3	1	0.6	 4.6   	 4.6   	 48.0   	 71.0   
42	2	2	6	1	1.7	 12.0   	 13.7   	 30.0   	 43.0   
43	2	1	5	1	0.3	 29.0   	 29.0   	 41.0   	 62.0   
44	2	1	4	1	0.5	 7.3   	 7.3   	 39.0   	 62.0   
45	2	1	6	1	0.4	 10.0   	 10.0   	 30.0   	 47.0   
46	2	1	2	1	0.8	 6.0   	 6.0   	 62.0   	 91.0   
47	2	1	3	1	29.0	 13.0   	 42.0   	 34.0   	 49.0   
48	2	1	1	1	0.4	 7.4   	 7.4   	 69.0   	 99.0   
49	3	4	4	1	0.3	 3.8   	 3.8   	 57.0   	 86.0   
50	3	4	3	1	2.7	 4.0   	 6.7   	 36.0   	 51.0   
51	3	4	6	1	0.4	 7.6   	 7.6   	 23.0   	 35.0   
52	3	4	1	1	3.4	 4.3   	 7.7   	 52.0   	 77.0   
53	3	4	2	1	3.4	 8.3   	 11.7   	 50.0   	 75.0   
54	3	4	5	1	2.7	 10.0   	 12.7   	 24.0   	 34.0   
55	3	3	5	1	0.7	 13.0   	 13.0   	 22.0   	 33.0   
56	3	3	6	1	3.8	 11.0   	 14.8   	 24.0   	 38.0   
57	3	3	4	1	0.7	 6.7   	 6.7   	 34.0   	 54.0   
58	3	3	1	1	0.6	 8.3   	 8.3   	 45.0   	 67.0   
59	3	3	3	1	0.7	 6.7   	 6.7   	 28.0   	 45.0   
60	3	3	2	1	0.5	 7.6   	 7.6   	 51.0   	 76.0   
61	3	1	4	1	0.5	 4.9   	 4.9   	 47.0   	 72.0   
62	3	1	2	1	0.6	 5.3   	 5.3   	 42.0   	 64.0   
63	3	1	5	1	0.7	 23.0   	 23.0   	 41.0   	 62.0   
64	3	1	3	1	0.6	 5.0   	 5.0   	 38.0   	 57.0   
65	3	1	6	1	1.1	 9.5   	 9.5   	 26.0   	 40.0   
66	3	1	1	1	0.5	 6.9   	 6.9   	 79.0   	 120.0   
67	3	2	4	1	0.3	 6.5   	 6.5   	 36.0   	 53.0   
68	3	2	3	1	0.3	 5.8   	 5.8   	 25.0   	 39.0   
69	3	2	2	1	0.4	 7.9   	 7.9   	 40.0   	 59.0   
70	3	2	6	1	0.4	 13.0   	 13.0   	 21.0   	 31.0   
71	3	2	1	1	0.8	 10.0   	 10.0   	 42.0   	 55.0   
72	3	2	5	1	0.7	 15.0   	 15.0   	 17.0   	 28.0   
73	4	2	6	1	0.8	 8.4   	 8.4   	 21.0   	 36.0   
74	4	2	4	1	0.4	 7.0   	 7.0   	 31.0   	 52.0   
75	4	2	1	1	0.5	 4.8   	 4.8   	 38.0   	 56.0   
76	4	2	5	1	0.5	 10.0   	 10.0   	 21.0   	 33.0   
77	4	2	3	1	0.4	 6.4   	 6.4   	 40.0   	 62.0   
78	4	2	2	1	0.6	 9.8   	 9.8   	 33.0   	 54.0   
79	4	1	1	1	0.3	 9.1   	 9.1   	 45.0   	 76.0   
80	4	1	5	1	2.6	 20.0   	 22.6   	 28.0   	 41.0   
81	4	1	3	1	4.3	 9.1   	 13.4   	 30.0   	 45.0   
82	4	1	4	1	2.9	 5.6   	 8.5   	 34.0   	 50.0   
83	4	1	2	1	0.0	 7.8   	 7.8   	 41.0   	 63.0   
84	4	1	6	1	0.0	 9.1   	 9.1   	 25.0   	 39.0   
85	4	3	1	1	0.0	 8.5   	 8.5   	 46.0   	 67.0   
86	4	3	5	1	0.3	 10.0   	 10.0   	 23.0   	 36.0   
87	4	3	6	1	1.6	 8.4   	 10.0   	 21.0   	 35.0   
88	4	3	2	1	2.4	 7.2   	 9.6   	 35.0   	 50.0   
89	4	3	4	1	0.9	 6.2   	 6.2   	 28.0   	 46.0   
90	4	3	3	1	1.4	 7.5   	 7.5   	 25.0   	 37.0   
91	4	4	6	1	0.7	 9.1   	 9.1   	 20.0   	 32.0   
92	4	4	4	1	2.2	 6.4   	 8.6   	 40.0   	 59.0   
93	4	4	3	1	0.0	 5.1   	 5.1   	 29.0   	 42.0   
94	4	4	1	1	0.0	 6.4   	 6.4   	 40.0   	 53.0   
95	4	4	2	1	0.0	 4.3   	 4.3   	 36.0   	 54.0   
96	4	4	5	1	0.0	 10.0   	 10.0   	 21.0   	 30.0   
97	1	4	2	2	0.0	 3.5   	 3.5   	 97.0   	 130.0   
98	1	4	1	2	0.0	 7.1   	 7.1   	 57.0   	 81.0   
99	1	4	5	2	0.0	 6.9   	 6.9   	 36.0   	 48.0   
100	1	4	3	2	0.0	 5.8   	 5.8   	 45.0   	 68.0   
101	1	4	4	2	0.0	 5.3   	 5.3   	 44.0   	 65.0   
102	1	4	6	2	0.0	 8.3   	 8.3   	 44.0   	 62.0   
103	1	1	4	2	0.0	 4.4   	 4.4   	 63.0   	 88.0   
104	1	1	1	2	3.4	 5.4   	 8.8   	 61.0   	 86.0   
105	1	1	2	2	2.2	 2.8   	 5.0   	 44.0   	 67.0   
106	1	1	3	2	1.5	 7.1   	 8.6   	 29.0   	 40.0   
107	1	1	5	2	1.9	 15.0   	 16.9   	 25.0   	 34.0   
108	1	1	6	2	2.7	 11.0   	 13.7   	 23.0   	 33.0   
109	1	3	5	2	1.3	 14.0   	 14.0   	 23.0   	 32.0   
110	1	3	1	2	2.1	 5.3   	 7.4   	 50.0   	 67.0   
111	1	3	4	2	2.0	 6.8   	 8.8   	 36.0   	 53.0   
112	1	3	3	2	9.8	 12.0   	 21.8   	 32.0   	 42.0   
113	1	3	6	2	4.5	 16.0   	 20.5   	 24.0   	 35.0   
114	1	3	2	2	3.1	 4.5   	 7.6   	 56.0   	 81.0   
115	1	2	4	2	2.8	 5.0   	 7.8   	 47.0   	 68.0   
116	1	2	2	2	1.8	 5.6   	 7.4   	 82.0   	 110.0   
117	1	2	1	2	1.7	 5.8   	 7.5   	 59.0   	 82.0   
118	1	2	3	2	3.0	 7.1   	 10.1   	 55.0   	 76.0   
119	1	2	6	2	6.9	 14.0   	 20.9   	 48.0   	 70.0   
120	1	2	5	2	1.5	 14.0   	 15.5   	 34.0   	 50.0   
121	2	3	5	2	1.9	 14.0   	 15.9   	 25.0   	 35.0   
122	2	3	1	2	1.7	 5.5   	 7.2   	 52.0   	 67.0   
123	2	3	3	2	4.1	 23.0   	 27.1   	 36.0   	 51.0   
124	2	3	6	2	2.1	 13.0   	 15.1   	 28.0   	 36.0   
125	2	3	2	2	2.2	 4.2   	 6.4   	 53.0   	 69.0   
126	2	3	4	2	2.8	 7.2   	 10.0   	 44.0   	 59.0   
127	2	4	1	2	3.6	 3.4   	 7.0   	 58.0   	 86.0   
128	2	4	5	2	2.1	 4.5   	 6.6   	 34.0   	 56.0   
129	2	4	6	2	2.5	 5.7   	 8.2   	 50.0   	 69.0   
130	2	4	4	2	110.0	 11.0   	 121.0   	 53.0   	 77.0   
131	2	4	2	2	1.7	 3.4   	 5.1   	 60.0   	 92.0   
132	2	4	3	2	7.9	 5.9   	 13.8   	 49.0   	 75.0   
133	2	2	4	2	1.9	 2.7   	 4.6   	 68.0   	 93.0   
134	2	2	1	2	2.5	 4.4   	 6.9   	 82.0   	 120.0   
135	2	2	5	2	1.5	 12.0   	 13.5   	 29.0   	 39.0   
136	2	2	2	2	3.1	 4.4   	 7.5   	 47.0   	 65.0   
137	2	2	3	2	2.6	 5.3   	 7.9   	 34.0   	 44.0   
138	2	2	6	2	2.6	 14.0   	 16.6   	 24.0   	 34.0   
139	2	1	5	2	3.0	 17.0   	 20.0   	 28.0   	 38.0   
140	2	1	4	2	2.4	 3.3   	 5.7   	 34.0   	 46.0   
141	2	1	6	2	2.5	 9.8   	 12.3   	 24.0   	 35.0   
142	2	1	2	2	3.2	 2.5   	 5.7   	 48.0   	 67.0   
143	2	1	3	2	1.9	 4.2   	 6.1   	 29.0   	 44.0   
144	2	1	1	2	2.1	 4.9   	 7.0   	 50.0   	 68.0   
145	3	4	4	2	2.1	 4.6   	 6.7   	 42.0   	 63.0   
146	3	4	3	2	2.2	 5.9   	 8.1   	 30.0   	 43.0   
147	3	4	6	2	2.0	 5.4   	 7.4   	 27.0   	 39.0   
148	3	4	1	2	4.3	 7.1   	 11.4   	 52.0   	 84.0   
149	3	4	2	2	3.8	 4.4   	 8.2   	 56.0   	 83.0   
150	3	4	5	2	2.1	 7.0   	 9.1   	 22.0   	 34.0   
151	3	3	5	2	2.8	 16.0   	 18.8   	 25.0   	 37.0   
152	3	3	6	2	3.1	 11.0   	 14.1   	 25.0   	 34.0   
153	3	3	4	2	2.3	 3.9   	 6.2   	 38.0   	 55.0   
154	3	3	1	2	1.6	 7.2   	 8.8   	 58.0   	 85.0   
155	3	3	3	2	1.2	 7.1   	 7.1   	 32.0   	 49.0   
156	3	3	2	2	3.1	 5.7   	 8.8   	 39.0   	 54.0   
157	3	1	4	2	1.7	 6.4   	 8.1   	 48.0   	 72.0   
158	3	1	2	2	1.2	 4.0   	 4.0   	 56.0   	 88.0   
159	3	1	5	2	3.0	 14.0   	 17.0   	 26.0   	 37.0   
160	3	1	3	2	0.2	 4.0   	 4.0   	 31.0   	 47.0   
161	3	1	6	2	0.3	 11.0   	 11.0   	 26.0   	 38.0   
162	3	1	1	2	0.1	 6.2   	 6.2   	 50.0   	 72.0   
163	3	2	4	2	0.1	 4.6   	 4.6   	 39.0   	 56.0   
164	3	2	3	2	3.8	 8.5   	 12.3   	 24.0   	 38.0   
165	3	2	2	2	0.2	 6.8   	 6.8   	 34.0   	 52.0   
166	3	2	6	2	0.4	 10.0   	 10.0   	 20.0   	 34.0   
167	3	2	1	2	0.5	 8.5   	 8.5   	 38.0   	 57.0   
168	3	2	5	2	0.0	 15.0   	 15.0   	 20.0   	 30.0   
169	4	2	6	2	0.0	 9.4   	 9.4   	 20.0   	 29.0   
170	4	2	4	2	0.0	 4.9   	 4.9   	 37.0   	 53.0   
171	4	2	1	2	0.0	 5.3   	 5.3   	 43.0   	 60.0   
172	4	2	5	2	1.4	 12.0   	 12.0   	 20.0   	 31.0   
173	4	2	3	2	0.4	 3.7   	 3.7   	 25.0   	 41.0   
174	4	2	2	2	0.5	 6.0   	 6.0   	 38.0   	 58.0   
175	4	1	1	2	0.4	 5.4   	 5.4   	 41.0   	 60.0   
176	4	1	5	2	0.2	 20.0   	 20.0   	 28.0   	 46.0   
177	4	1	3	2	0.4	 4.0   	 4.0   	 28.0   	 39.0   
178	4	1	4	2	0.3	 4.8   	 4.8   	 35.0   	 49.0   
179	4	1	2	2	0.2	 6.4   	 6.4   	 44.0   	 63.0   
180	4	1	6	2	2.8	 9.4   	 12.2   	 28.0   	 39.0   
181	4	3	1	2	0.2	 6.6   	 6.6   	 41.0   	 62.0   
182	4	3	5	2	0.0	 16.0   	 16.0   	 22.0   	 33.0   
183	4	3	6	2	0.3	 11.0   	 11.0   	 21.0   	 29.0   
184	4	3	2	2	1.0	 6.4   	 6.4   	 42.0   	 59.0   
185	4	3	4	2	1.0	 5.2   	 5.2   	 36.0   	 55.0   
186	4	3	3	2	0.6	 3.8   	 3.8   	 29.0   	 45.0   
187	4	4	6	2	0.5	 8.5   	 8.5   	 20.0   	 29.0   
188	4	4	4	2	0.4	 6.8   	 6.8   	 33.0   	 48.0   
189	4	4	3	2	0.3	 5.5   	 5.5   	 27.0   	 37.0   
190	4	4	1	2	3.5	 8.0   	 11.5   	 30.0   	 48.0   
191	4	4	2	2	1.1	 11.0   	 11.0   	 37.0   	 56.0   
192	4	4	5	2	7.7	 13.0   	 20.7   	 20.0   	 30.0   
193	1	4	2	3	0.6	 4.5   	 4.5   	 55.0   	 75.0   
194	1	4	1	3	0.0	 3.6   	 3.6   	 55.0   	 84.0   
195	1	4	5	3	0.0	 4.0   	 4.0   	 34.0   	 47.0   
196	1	4	3	3	0.0	 2.6   	 2.6   	 65.0   	 91.0   
197	1	4	4	3	0.0	 5.2   	 5.2   	 38.0   	 46.0   
198	1	4	6	3	0.0	 4.3   	 4.3   	 69.0   	 100.0   
199	1	1	4	3	0.0	 4.5   	 4.5   	 41.0   	 59.0   
200	1	1	1	3	0.0	 4.2   	 4.2   	 79.0   	 110.0   
201	1	1	2	3	0.0	 3.5   	 3.5   	 49.0   	 72.0   
202	1	1	3	3	0.0	 4.2   	 4.2   	 31.0   	 45.0   
203	1	1	5	3	0.0	 15.0   	 15.0   	 33.0   	 43.0   
204	1	1	6	3	0.0	 8.3   	 8.3   	 24.0   	 33.0   
205	1	3	5	3	4.8	 9.8   	 14.6   	 24.0   	 32.0   
206	1	3	1	3	0.0	 6.4   	 6.4   	 53.0   	 72.0   
207	1	3	4	3	0.4	 4.7   	 4.7   	 37.0   	 49.0   
208	1	3	3	3	0.0	 5.7   	 5.7   	 29.0   	 39.0   
209	1	3	6	3	0.0	 9.8   	 9.8   	 25.0   	 30.0   
210	1	3	2	3	0.0	 3.9   	 3.9   	 54.0   	 77.0   
211	1	2	4	3	0.2	 5.1   	 5.1   	 57.0   	 82.0   
212	1	2	2	3	0.0	 5.2   	 5.2   	 64.0   	 81.0   
213	1	2	1	3	2.3	 5.4   	 7.7   	 56.0   	 75.0   
214	1	2	3	3	0.0	 3.9   	 3.9   	 49.0   	 70.0   
215	1	2	6	3	0.0	 9.0   	 9.0   	 36.0   	 48.0   
216	1	2	5	3	0.0	 9.9   	 9.9   	 28.0   	 43.0   
217	2	3	5	3	0.1	 12.0   	 12.0   	 32.0   	 45.0   
218	2	3	1	3	0.5	 5.4   	 5.4   	 49.0   	 68.0   
219	2	3	3	3	0.0	 3.6   	 3.6   	 31.0   	 49.0   
220	2	3	6	3	0.4	 6.9   	 6.9   	 27.0   	 36.0   
221	2	3	2	3	0.9	 3.7   	 3.7   	 38.0   	 53.0   
222	2	3	4	3	0.4	 4.0   	 4.0   	 46.0   	 67.0   
223	2	4	1	3	0.0	 3.1   	 3.1   	 53.0   	 74.0   
224	2	4	5	3	2.8	 5.8   	 8.6   	 33.0   	 48.0   
225	2	4	6	3	0.8	 4.8   	 4.8   	 33.0   	 48.0   
226	2	4	4	3	0.1	 3.5   	 3.5   	 72.0   	 110.0   
227	2	4	2	3	0.8	 4.0   	 4.0   	 53.0   	 80.0   
228	2	4	3	3	1.4	 3.4   	 3.4   	 42.0   	 60.0   
229	2	2	4	3	0.2	 4.3   	 4.3   	 53.0   	 70.0   
230	2	2	1	3	1.8	 5.1   	 6.9   	 45.0   	 62.0   
231	2	2	5	3	1.4	 7.7   	 7.7   	 25.0   	 34.0   
232	2	2	2	3	0.0	 5.3   	 5.3   	 33.0   	 47.0   
233	2	2	3	3	0.3	 5.2   	 5.2   	 38.0   	 47.0   
234	2	2	6	3	0.0	 10.0   	 10.0   	 25.0   	 31.0   
235	2	1	5	3	0.1	 11.0   	 11.0   	 33.0   	 41.0   
236	2	1	4	3	0.1	 4.2   	 4.2   	 34.0   	 44.0   
237	2	1	6	3	0.0	 6.6   	 6.6   	 30.0   	 41.0   
238	2	1	2	3	2.4	 6.0   	 8.4   	 43.0   	 55.0   
239	2	1	3	3	1.1	 3.7   	 3.7   	 35.0   	 43.0   
240	2	1	1	3	0.3	 5.5   	 5.5   	 47.0   	 61.0   
241	3	4	4	3	0.8	 4.0   	 4.0   	 41.0   	 56.0   
242	3	4	3	3	0.8	 5.0   	 5.0   	 31.0   	 50.0   
243	3	4	6	3	0.6	 5.8   	 5.8   	 26.0   	 36.0   
244	3	4	1	3	1.0	 3.7   	 3.7   	 44.0   	 65.0   
245	3	4	2	3	0.7	 3.3   	 3.3   	 49.0   	 68.0   
246	3	4	5	3	0.8	 6.6   	 6.6   	 20.0   	 27.0   
247	3	3	5	3	2.9	 9.1   	 12.0   	 23.0   	 32.0   
248	3	3	6	3	1.1	 7.9   	 7.9   	 24.0   	 30.0   
249	3	3	4	3	1.9	 5.6   	 7.5   	 35.0   	 46.0   
250	3	3	1	3	4.8	 5.5   	 10.3   	 43.0   	 59.0   
251	3	3	3	3	0.2	 4.6   	 4.6   	 29.0   	 42.0   
252	3	3	2	3	1.8	 4.7   	 6.5   	 45.0   	 62.0   
253	3	1	4	3	0.7	 4.4   	 4.4   	 45.0   	 63.0   
254	3	1	2	3	1.2	 5.0   	 5.0   	 41.0   	 56.0   
255	3	1	5	3	1.1	 12.0   	 12.0   	 25.0   	 38.0   
256	3	1	3	3	0.7	 3.5   	 3.5   	 33.0   	 45.0   
257	3	1	6	3	0.9	 8.8   	 8.8   	 23.0   	 36.0   
258	3	1	1	3	1.0	 4.8   	 4.8   	 49.0   	 69.0   
259	3	2	4	3	0.9	 5.5   	 5.5   	 35.0   	 50.0   
260	3	2	3	3	0.7	 3.0   	 3.0   	 25.0   	 36.0   
261	3	2	2	3	0.9	 1.8   	 1.8   	 29.0   	 42.0   
262	3	2	6	3	0.9	 7.5   	 7.5   	 20.0   	 28.0   
263	3	2	1	3	1.0	 5.1   	 5.1   	 50.0   	 79.0   
264	3	2	5	3	2.1	 8.1   	 10.2   	 18.0   	 27.0   
265	4	2	6	3	2.0	 6.1   	 8.1   	 18.0   	 27.0   
266	4	2	4	3	1.8	 3.2   	 5.0   	 33.0   	 50.0   
267	4	2	1	3	1.0	 3.4   	 3.4   	 51.0   	 71.0   
268	4	2	5	3	1.1	 4.6   	 4.6   	 22.0   	 31.0   
269	4	2	3	3	1.1	 4.9   	 4.9   	 21.0   	 31.0   
270	4	2	2	3	0.5	 4.7   	 4.7   	 78.0   	 57.0   
271	4	1	1	3	1.2	 5.4   	 5.4   	 42.0   	 59.0   
272	4	1	5	3	1.5	 9.6   	 11.1   	 26.0   	 32.0   
273	4	1	3	3	0.0	 4.6   	 4.6   	 26.0   	 37.0   
274	4	1	4	3	0.5	 4.6   	 4.6   	 39.0   	 54.0   
275	4	1	2	3	1.8	 3.8   	 5.6   	 39.0   	 56.0   
276	4	1	6	3	1.5	 6.6   	 8.1   	 26.0   	 36.0   
277	4	3	1	3	0.1	 5.2   	 5.2   	 50.0   	 74.0   
278	4	3	5	3	0.2	 6.9   	 6.9   	 24.0   	 39.0   
279	4	3	6	3	0.2	 8.4   	 8.4   	 22.0   	 33.0   
280	4	3	2	3	1.6	 4.0   	 5.6   	 40.0   	 62.0   
281	4	3	4	3	0.8	 4.7   	 4.7   	 35.0   	 48.0   
282	4	3	3	3	0.9	 3.5   	 3.5   	 26.0   	 37.0   
283	4	4	6	3	0.8	 7.4   	 7.4   	 21.0   	 30.0   
284	4	4	4	3	0.8	 4.6   	 4.6   	 32.0   	 43.0   
285	4	4	3	3	1.0	 5.0   	 5.0   	 24.0   	 33.0   
286	4	4	1	3	1.1	 4.9   	 4.9   	 42.0   	 60.0   
287	4	4	2	3	2.6	 4.8   	 7.4   	 36.0   	 54.0   
288	4	4	5	3	1.2	 10.0   	 10.0   	 20.0   	 30.0   
289	1	4	2	4	1.0	 7.0   	 7.0   	 41.0   	 57.0   
290	1	4	1	4	0.9	 8.1   	 8.1   	 36.0   	 53.0   
291	1	4	5	4	1.9	 10.0   	 11.9   	 25.0   	 37.0   
292	1	4	3	4	0.7	 7.2   	 7.2   	 29.0   	 44.0   
293	1	4	4	4	3.0	 2.9   	 5.9   	 26.0   	 41.0   
294	1	4	6	4	1.4	 8.6   	 8.6   	 43.0   	 65.0   
295	1	1	4	4	3.4	 8.8   	 12.2   	 90.0   	 130.0   
296	1	1	1	4	1.1	 7.3   	 7.3   	 22.0   	 33.0   
297	1	1	2	4	2.9	 9.0   	 11.9   	 29.0   	 42.0   
298	1	1	3	4	2.0	 7.0   	 9.0   	 26.0   	 39.0   
299	1	1	5	4	2.7	 9.3   	 12.0   	 18.0   	 28.0   
300	1	1	6	4	1.4	 9.7   	 9.7   	 15.0   	 23.0   
301	1	3	5	4	1.7	 11.0   	 12.7   	 14.0   	 21.0   
302	1	3	1	4	1.6	 12.0   	 13.6   	 25.0   	 40.0   
303	1	3	4	4	6.6	 9.0   	 15.6   	 21.0   	 32.0   
304	1	3	3	4	2.1	 8.9   	 11.0   	 16.0   	 25.0   
305	1	3	6	4	1.9	 11.0   	 12.9   	 15.0   	 23.0   
306	1	3	2	4	8.1	 9.4   	 17.5   	 21.0   	 31.0   
307	1	2	4	4	1.5	 10.0   	 11.5   	 28.0   	 42.0   
308	1	2	2	4	3.6	 5.7   	 9.3   	 39.0   	 57.0   
309	1	2	1	4	1.4	 6.6   	 6.6   	 27.0   	 42.0   
310	1	2	3	4	1.4	 6.8   	 6.8   	 27.0   	 40.0   
311	1	2	6	4	1.8	 12.0   	 13.8   	 16.0   	 25.0   
312	1	2	5	4	1.4	 12.0   	 12.0   	 14.0   	 23.0   
313	2	3	5	4	1.7	 9.8   	 11.5   	 18.0   	 24.0   
314	2	3	1	4	1.3	 12.0   	 12.0   	 25.0   	 35.0   
315	2	3	3	4	3.7	 10.0   	 13.7   	 19.0   	 28.0   
316	2	3	6	4	18.0	 13.0   	 31.0   	 22.0   	 30.0   
317	2	3	2	4	0.9	 5.5   	 5.5   	 53.0   	 74.0   
318	2	3	4	4	1.3	 9.5   	 9.5   	 26.0   	 34.0   
319	2	4	1	4	3.1	 9.7   	 12.8   	 29.0   	 46.0   
320	2	4	5	4	0.9	 9.9   	 9.9   	 21.0   	 33.0   
321	2	4	6	4	9.5	 13.0   	 22.5   	 19.0   	 30.0   
322	2	4	4	4	1.3	 6.5   	 6.5   	 56.0   	 84.0   
323	2	4	2	4	1.6	 5.5   	 7.1   	 33.0   	 52.0   
324	2	4	3	4	2.0	 5.1   	 7.1   	 28.0   	 42.0   
325	2	2	4	4	1.4	 9.9   	 9.9   	 45.0   	 62.0   
326	2	2	1	4	1.9	 12.0   	 13.9   	 21.0   	 28.0   
327	2	2	5	4	1.2	 11.0   	 11.0   	 15.0   	 22.0   
328	2	2	2	4	1.3	 8.5   	 8.5   	 22.0   	 32.0   
329	2	2	3	4	1.3	 11.0   	 11.0   	 17.0   	 24.0   
330	2	2	6	4	1.2	 12.0   	 12.0   	 15.0   	 20.0   
331	2	1	5	4	2.0	 8.0   	 10.0   	 16.0   	 22.0   
332	2	1	4	4	3.2	 10.0   	 13.2   	 18.0   	 27.0   
333	2	1	6	4	1.4	 7.1   	 7.1   	 18.0   	 26.0   
334	2	1	2	4	1.0	 4.4   	 4.4   	 25.0   	 35.0   
335	2	1	3	4	1.2	 8.3   	 8.3   	 16.0   	 24.0   
336	2	1	1	4	1.2	 9.3   	 9.3   	 20.0   	 28.0   
337	3	4	4	4	0.7	 7.7   	 7.7   	 26.0   	 37.0   
338	3	4	3	4	2.1	 3.9   	 6.0   	 26.0   	 36.0   
339	3	4	6	4	1.1	 10.0   	 10.0   	 15.0   	 21.0   
340	3	4	1	4	0.9	 10.0   	 10.0   	 26.0   	 38.0   
341	3	4	2	4	8.2	 8.9   	 17.1   	 24.0   	 33.0   
342	3	4	5	4	2.9	 13.0   	 15.9   	 15.0   	 21.0   
343	3	3	5	4	2.0	 11.0   	 13.0   	 17.0   	 24.0   
344	3	3	6	4	1.0	 12.0   	 12.0   	 17.0   	 24.0   
345	3	3	4	4	1.2	 11.0   	 11.0   	 24.0   	 35.0   
346	3	3	1	4	2.2	 11.0   	 13.2   	 23.0   	 32.0   
347	3	3	3	4	1.0	 6.4   	 6.4   	 21.0   	 31.0   
348	3	3	2	4	1.8	 9.7   	 11.5   	 24.0   	 33.0   
349	3	1	4	4	4.2	 7.1   	 11.3   	 30.0   	 43.0   
350	3	1	2	4	0.8	 5.6   	 5.6   	 26.0   	 37.0   
351	3	1	5	4	0.9	 7.6   	 7.6   	 20.0   	 29.0   
352	3	1	3	4	1.4	 8.1   	 8.1   	 24.0   	 34.0   
353	3	1	6	4	2.3	 8.3   	 10.6   	 20.0   	 25.0   
354	3	1	1	4	2.3	 12.0   	 14.3   	 30.0   	 41.0   
355	3	2	4	4	3.0	 13.0   	 16.0   	 17.0   	 24.0   
356	3	2	3	4	5.2	 16.0   	 21.2   	 15.0   	 21.0   
357	3	2	2	4	3.0	 9.8   	 12.8   	 24.0   	 35.0   
358	3	2	6	4	5.7	 11.0   	 16.7   	 13.0   	 20.0   
359	3	2	1	4	3.0	 10.0   	 13.0   	 18.0   	 25.0   
360	3	2	5	4	2.1	 9.1   	 11.2   	 13.0   	 18.0   
361	4	2	6	4	2.6	 9.8   	 12.4   	 15.0   	 19.0   
362	4	2	4	4	2.6	 9.6   	 12.2   	 20.0   	 27.0   
363	4	2	1	4	2.4	 6.5   	 8.9   	 24.0   	 34.0   
364	4	2	5	4	7.7	 13.0   	 20.7   	 15.0   	 21.0   
365	4	2	3	4	2.5	 6.7   	 9.2   	 19.0   	 28.0   
366	4	2	2	4	3.6	 11.0   	 14.6   	 30.0   	 42.0   
367	4	1	1	4	1.1	 10.0   	 10.0   	 20.0   	 30.0   
368	4	1	5	4	2.1	 13.0   	 15.1   	 15.0   	 22.0   
369	4	1	3	4	1.7	 10.0   	 11.7   	 17.0   	 25.0   
370	4	1	4	4	1.6	 11.0   	 12.6   	 25.0   	 33.0   
371	4	1	2	4	1.3	 7.9   	 7.9   	 27.0   	 41.0   
372	4	1	6	4	5.4	 13.0   	 18.4   	 17.0   	 26.0   
373	4	3	1	4	13.0	 18.0   	 31.0   	 24.0   	 36.0   
374	4	3	5	4	2.3	 12.0   	 14.3   	 15.0   	 22.0   
375	4	3	6	4	0.8	 12.0   	 12.0   	 17.0   	 25.0   
376	4	3	2	4	2.6	 13.0   	 15.6   	 28.0   	 43.0   
377	4	3	4	4	1.5	 11.0   	 12.5   	 23.0   	 36.0   
378	4	3	3	4	1.3	 4.3   	 4.3   	 20.0   	 30.0   
379	4	4	6	4	1.5	 14.0   	 15.5   	 16.0   	 22.0   
380	4	4	4	4	4.9	 14.0   	 18.9   	 25.0   	 34.0   
381	4	4	3	4	4.7	 13.0   	 17.7   	 18.0   	 25.0   
382	4	4	1	4	1.2	 13.0   	 13.0   	 25.0   	 36.0   
383	4	4	2	4	2.1	 11.0   	 13.1   	 33.0   	 47.0   
384	4	4	5	4	2.5	 17.0   	 19.5   	 15.0   	 19.0   
385	1	4	2	5	1.7	 14.0   	 15.7   	 9.0   	 12.0   
386	1	4	1	5	2.2	 10.0   	 12.2   	 32.0   	 43.0   
387	1	4	5	5	1.1	 9.1   	 9.1   	 24.0   	 32.0   
388	1	4	3	5	1.5	 9.2   	 10.7   	 38.0   	 50.0   
389	1	4	4	5	1.4	 11.0   	 11.0   	 41.0   	 55.0   
390	1	4	6	5	1.2	 7.7   	 7.7   	 41.0   	 55.0   
391	1	1	4	5	2.4	 9.8   	 12.2   	 24.0   	 32.0   
392	1	1	1	5	3.1	 9.3   	 12.4   	 20.0   	 27.0   
393	1	1	2	5	2.3	 8.5   	 10.8   	 24.0   	 32.0   
394	1	1	3	5	1.5	 8.4   	 9.9   	 16.0   	 21.0   
395	1	1	5	5	1.2	 11.0   	 11.0   	 17.0   	 23.0   
396	1	1	6	5	1.1	 6.9   	 6.9   	 17.0   	 22.0   
397	1	3	5	5	0.9	 9.1   	 9.1   	 30.0   	 40.0   
398	1	3	1	5	2.9	 13.0   	 15.9   	 24.0   	 32.0   
399	1	3	4	5	1.0	 13.0   	 13.0   	 28.0   	 37.0   
400	1	3	3	5	7.4	 11.0   	 18.4   	 26.0   	 34.0   
401	1	3	6	5	1.0	 9.0   	 9.0   	 20.0   	 27.0   
402	1	3	2	5	2.9	 9.9   	 12.8   	 32.0   	 42.0   
403	1	2	4	5	1.3	 11.0   	 11.0   	 35.0   	 47.0   
404	1	2	2	5	1.0	 12.0   	 12.0   	 24.0   	 32.0   
405	1	2	1	5	1.2	 10.0   	 10.0   	 45.0   	 60.0   
406	1	2	3	5	0.9	 8.9   	 8.9   	 27.0   	 36.0   
407	1	2	6	5	1.4	 6.8   	 6.8   	 33.0   	 45.0   
408	1	2	5	5	1.0	 9.4   	 9.4   	 23.0   	 31.0   
409	2	3	5	5	0.8	 8.9   	 8.9   	 30.0   	 40.0   
410	2	3	1	5	3.3	 11.0   	 14.3   	 30.0   	 40.0   
411	2	3	3	5	7.6	 13.0   	 20.6   	 25.0   	 33.0   
412	2	3	6	5	1.2	 12.0   	 12.0   	 21.0   	 28.0   
413	2	3	2	5	1.6	 11.0   	 12.6   	 33.0   	 45.0   
414	2	3	4	5	7.5	 13.0   	 20.5   	 33.0   	 44.0   
415	2	4	1	5	1.1	 13.0   	 13.0   	 25.0   	 34.0   
416	2	4	5	5	3.1	 11.0   	 14.1   	 29.0   	 39.0   
417	2	4	6	5	2.5	 13.0   	 15.5   	 18.0   	 25.0   
418	2	4	4	5	1.7	 12.0   	 13.7   	 64.0   	 85.0   
419	2	4	2	5	2.3	 15.0   	 17.3   	 41.0   	 55.0   
420	2	4	3	5	16.0	 12.0   	 28.0   	 41.0   	 55.0   
421	2	2	4	5	1.5	 14.0   	 15.5   	 64.0   	 85.0   
422	2	2	1	5	1.0	 13.0   	 13.0   	 38.0   	 50.0   
423	2	2	5	5	1.4	 11.0   	 11.0   	 31.0   	 41.0   
424	2	2	2	5	1.8	 14.0   	 15.8   	 25.0   	 33.0   
425	2	2	3	5	2.7	 14.0   	 16.7   	 29.0   	 38.0   
426	2	2	6	5	1.4	 11.0   	 11.0   	 16.0   	 22.0   
427	2	1	5	5	1.2	 9.0   	 9.0   	 14.0   	 19.0   
428	2	1	4	5	1.1	 9.2   	 9.2   	 18.0   	 24.0   
429	2	1	6	5	1.2	 8.4   	 8.4   	 13.0   	 17.0   
430	2	1	2	5	1.3	 9.6   	 9.6   	 23.0   	 30.0   
431	2	1	3	5	2.2	 8.6   	 10.8   	 12.0   	 17.0   
432	2	1	1	5	1.7	 12.0   	 13.7   	 16.0   	 22.0   
433	3	4	4	5	2.3	 12.0   	 14.3   	 29.0   	 39.0   
434	3	4	3	5	1.7	 13.0   	 14.7   	 19.0   	 26.0   
435	3	4	6	5	1.7	 11.0   	 12.7   	 18.0   	 24.0   
436	3	4	1	5	1.9	 13.0   	 14.9   	 24.0   	 33.0   
437	3	4	2	5	1.9	 14.0   	 15.9   	 33.0   	 44.0   
438	3	4	5	5	1.4	 11.0   	 11.0   	 26.0   	 34.0   
439	3	3	5	5	1.4	 12.0   	 12.0   	 23.0   	 30.0   
440	3	3	6	5	1.5	 11.0   	 12.5   	 18.0   	 24.0   
441	3	3	4	5	1.5	 13.0   	 14.5   	 26.0   	 34.0   
442	3	3	1	5	1.8	 11.0   	 12.8   	 24.0   	 33.0   
443	3	3	3	5	2.1	 12.0   	 14.1   	 18.0   	 24.0   
444	3	3	2	5	5.8	 13.0   	 18.8   	 31.0   	 42.0   
445	3	1	4	5	3.7	 15.0   	 18.7   	 27.0   	 36.0   
446	3	1	2	5	1.7	 11.0   	 12.7   	 34.0   	 45.0   
447	3	1	5	5	1.2	 9.3   	 9.3   	 15.0   	 20.0   
448	3	1	3	5	2.5	 12.0   	 14.5   	 17.0   	 23.0   
449	3	1	6	5	4.7	 11.0   	 15.7   	 15.0   	 20.0   
450	3	1	1	5	1.5	 15.0   	 16.5   	 18.0   	 24.0   
451	3	2	4	5	1.2	 13.0   	 13.0   	 20.0   	 27.0   
452	3	2	3	5	2.6	 11.0   	 13.6   	 18.0   	 24.0   
453	3	2	2	5	1.7	 12.0   	 13.7   	 22.0   	 29.0   
454	3	2	6	5	2.1	 9.8   	 11.9   	 15.0   	 20.0   
455	3	2	1	5	1.5	 13.0   	 14.5   	 22.0   	 30.0   
456	3	2	5	5	1.2	 12.0   	 12.0   	 19.0   	 26.0   
457	4	2	6	5	1.8	 10.0   	 11.8   	 15.0   	 20.0   
458	4	2	4	5	1.5	 11.0   	 12.5   	 23.0   	 30.0   
459	4	2	1	5	12.0	 11.0   	 23.0   	 27.0   	 36.0   
460	4	2	5	5	1.5	 9.3   	 10.8   	 28.0   	 38.0   
461	4	2	3	5	1.8	 10.0   	 11.8   	 23.0   	 30.0   
462	4	2	2	5	1.5	 12.0   	 13.5   	 23.0   	 30.0   
463	4	1	1	5	1.3	 11.0   	 11.0   	 16.0   	 22.0   
464	4	1	5	5	1.9	 13.0   	 14.9   	 17.0   	 22.0   
465	4	1	3	5	1.4	 16.0   	 16.0   	 19.0   	 25.0   
466	4	1	4	5	1.4	 15.0   	 15.0   	 24.0   	 33.0   
467	4	1	2	5	1.7	 16.0   	 17.7   	 24.0   	 32.0   
468	4	1	6	5	0.9	 12.0   	 12.0   	 19.0   	 26.0   
469	4	3	1	5	0.5	 13.0   	 13.0   	 29.0   	 39.0   
470	4	3	5	5	0.4	 11.0   	 11.0   	 24.0   	 32.0   
471	4	3	6	5	0.5	 12.0   	 12.0   	 17.0   	 22.0   
472	4	3	2	5	0.8	 13.0   	 13.0   	 28.0   	 38.0   
473	4	3	4	5	1.8	 13.0   	 14.8   	 22.0   	 29.0   
474	4	3	3	5	0.7	 13.0   	 13.0   	 25.0   	 34.0   
475	4	4	6	5	2.4	 14.0   	 16.4   	 14.0   	 18.0   
476	4	4	4	5	0.4	 14.0   	 14.0   	 26.0   	 35.0   
477	4	4	3	5	0.5	 13.0   	 13.0   	 29.0   	 38.0   
478	4	4	1	5	1.9	 14.0   	 15.9   	 25.0   	 33.0   
479	4	4	2	5	0.9	 16.0   	 16.0   	 26.0   	 35.0   
480	4	4	5	5	6.9	 21.0   	 27.9   	 17.0   	 23.0   
