ID	ker	kas	lan	time	ammN	nitN	liuN	Smgkg	Smgl	 KuitLisKokN 	 KuitLisN 	 TOCN 	 TOCNliu 	 LisC 
2	1	4	1	1	0.1	 5.5   	 5.5   	 73.0   	 110.0   	298	17	66	1145	19642
8	1	1	1	1	0.4	 5.8   	 5.8   	 52.0   	 79.0   	298	17	66	1145	19642
14	1	3	1	1	0.4	 9.1   	 9.1   	 65.0   	 93.0   	298	17	66	1145	19642
21	1	2	1	1	0.1	 9.3   	 9.3   	 63.0   	 98.0   	298	17	66	1145	19642
26	2	3	1	1	8.0	 5.3   	 13.3   	 55.0   	 85.0   	298	17	66	1145	19642
31	2	4	1	1	0.4	 4.1   	 4.1   	 85.0   	 120.0   	298	17	66	1145	19642
38	2	2	1	1	0.3	 5.4   	 5.4   	 72.0   	 110.0   	298	17	66	1145	19642
48	2	1	1	1	0.4	 7.4   	 7.4   	 69.0   	 99.0   	298	17	66	1145	19642
52	3	4	1	1	3.4	 4.3   	 7.7   	 52.0   	 77.0   	298	17	66	1145	19642
58	3	3	1	1	0.6	 8.3   	 8.3   	 45.0   	 67.0   	298	17	66	1145	19642
66	3	1	1	1	0.5	 6.9   	 6.9   	 79.0   	 120.0   	298	17	66	1145	19642
71	3	2	1	1	0.8	 10.0   	 10.0   	 42.0   	 55.0   	298	17	66	1145	19642
75	4	2	1	1	0.5	 4.8   	 4.8   	 38.0   	 56.0   	298	17	66	1145	19642
79	4	1	1	1	0.3	 9.1   	 9.1   	 45.0   	 76.0   	298	17	66	1145	19642
85	4	3	1	1	0.0	 8.5   	 8.5   	 46.0   	 67.0   	298	17	66	1145	19642
94	4	4	1	1	0.0	 6.4   	 6.4   	 40.0   	 53.0   	298	17	66	1145	19642
98	1	4	1	2	0.0	 7.1   	 7.1   	 57.0   	 81.0   	298	17	66	1145	19642
104	1	1	1	2	3.4	 5.4   	 8.8   	 61.0   	 86.0   	298	17	66	1145	19642
110	1	3	1	2	2.1	 5.3   	 7.4   	 50.0   	 67.0   	298	17	66	1145	19642
117	1	2	1	2	1.7	 5.8   	 7.5   	 59.0   	 82.0   	298	17	66	1145	19642
122	2	3	1	2	1.7	 5.5   	 7.2   	 52.0   	 67.0   	298	17	66	1145	19642
127	2	4	1	2	3.6	 3.4   	 7.0   	 58.0   	 86.0   	298	17	66	1145	19642
134	2	2	1	2	2.5	 4.4   	 6.9   	 82.0   	 120.0   	298	17	66	1145	19642
144	2	1	1	2	2.1	 4.9   	 7.0   	 50.0   	 68.0   	298	17	66	1145	19642
148	3	4	1	2	4.3	 7.1   	 11.4   	 52.0   	 84.0   	298	17	66	1145	19642
154	3	3	1	2	1.6	 7.2   	 8.8   	 58.0   	 85.0   	298	17	66	1145	19642
162	3	1	1	2	0.1	 6.2   	 6.2   	 50.0   	 72.0   	298	17	66	1145	19642
167	3	2	1	2	0.5	 8.5   	 8.5   	 38.0   	 57.0   	298	17	66	1145	19642
171	4	2	1	2	0.0	 5.3   	 5.3   	 43.0   	 60.0   	298	17	66	1145	19642
175	4	1	1	2	0.4	 5.4   	 5.4   	 41.0   	 60.0   	298	17	66	1145	19642
181	4	3	1	2	0.2	 6.6   	 6.6   	 41.0   	 62.0   	298	17	66	1145	19642
190	4	4	1	2	3.5	 8.0   	 11.5   	 30.0   	 48.0   	298	17	66	1145	19642
194	1	4	1	3	0.0	 3.6   	 3.6   	 55.0   	 84.0   	298	17	66	1145	19642
200	1	1	1	3	0.0	 4.2   	 4.2   	 79.0   	 110.0   	298	17	66	1145	19642
206	1	3	1	3	0.0	 6.4   	 6.4   	 53.0   	 72.0   	298	17	66	1145	19642
213	1	2	1	3	2.3	 5.4   	 7.7   	 56.0   	 75.0   	298	17	66	1145	19642
218	2	3	1	3	0.5	 5.4   	 5.4   	 49.0   	 68.0   	298	17	66	1145	19642
223	2	4	1	3	0.0	 3.1   	 3.1   	 53.0   	 74.0   	298	17	66	1145	19642
230	2	2	1	3	1.8	 5.1   	 6.9   	 45.0   	 62.0   	298	17	66	1145	19642
240	2	1	1	3	0.3	 5.5   	 5.5   	 47.0   	 61.0   	298	17	66	1145	19642
244	3	4	1	3	1.0	 3.7   	 3.7   	 44.0   	 65.0   	298	17	66	1145	19642
250	3	3	1	3	4.8	 5.5   	 10.3   	 43.0   	 59.0   	298	17	66	1145	19642
258	3	1	1	3	1.0	 4.8   	 4.8   	 49.0   	 69.0   	298	17	66	1145	19642
263	3	2	1	3	1.0	 5.1   	 5.1   	 50.0   	 79.0   	298	17	66	1145	19642
267	4	2	1	3	1.0	 3.4   	 3.4   	 51.0   	 71.0   	298	17	66	1145	19642
271	4	1	1	3	1.2	 5.4   	 5.4   	 42.0   	 59.0   	298	17	66	1145	19642
277	4	3	1	3	0.1	 5.2   	 5.2   	 50.0   	 74.0   	298	17	66	1145	19642
286	4	4	1	3	1.1	 4.9   	 4.9   	 42.0   	 60.0   	298	17	66	1145	19642
290	1	4	1	4	0.9	 8.1   	 8.1   	 36.0   	 53.0   	298	17	66	1145	19642
296	1	1	1	4	1.1	 7.3   	 7.3   	 22.0   	 33.0   	298	17	66	1145	19642
302	1	3	1	4	1.6	 12.0   	 13.6   	 25.0   	 40.0   	298	17	66	1145	19642
309	1	2	1	4	1.4	 6.6   	 6.6   	 27.0   	 42.0   	298	17	66	1145	19642
314	2	3	1	4	1.3	 12.0   	 12.0   	 25.0   	 35.0   	298	17	66	1145	19642
319	2	4	1	4	3.1	 9.7   	 12.8   	 29.0   	 46.0   	298	17	66	1145	19642
326	2	2	1	4	1.9	 12.0   	 13.9   	 21.0   	 28.0   	298	17	66	1145	19642
336	2	1	1	4	1.2	 9.3   	 9.3   	 20.0   	 28.0   	298	17	66	1145	19642
340	3	4	1	4	0.9	 10.0   	 10.0   	 26.0   	 38.0   	298	17	66	1145	19642
346	3	3	1	4	2.2	 11.0   	 13.2   	 23.0   	 32.0   	298	17	66	1145	19642
354	3	1	1	4	2.3	 12.0   	 14.3   	 30.0   	 41.0   	298	17	66	1145	19642
359	3	2	1	4	3.0	 10.0   	 13.0   	 18.0   	 25.0   	298	17	66	1145	19642
363	4	2	1	4	2.4	 6.5   	 8.9   	 24.0   	 34.0   	298	17	66	1145	19642
367	4	1	1	4	1.1	 10.0   	 10.0   	 20.0   	 30.0   	298	17	66	1145	19642
373	4	3	1	4	13.0	 18.0   	 31.0   	 24.0   	 36.0   	298	17	66	1145	19642
382	4	4	1	4	1.2	 13.0   	 13.0   	 25.0   	 36.0   	298	17	66	1145	19642
386	1	4	1	5	2.2	 10.0   	 12.2   	 32.0   	 43.0   	298	17	66	1145	19642
392	1	1	1	5	3.1	 9.3   	 12.4   	 20.0   	 27.0   	298	17	66	1145	19642
398	1	3	1	5	2.9	 13.0   	 15.9   	 24.0   	 32.0   	298	17	66	1145	19642
405	1	2	1	5	1.2	 10.0   	 10.0   	 45.0   	 60.0   	298	17	66	1145	19642
410	2	3	1	5	3.3	 11.0   	 14.3   	 30.0   	 40.0   	298	17	66	1145	19642
415	2	4	1	5	1.1	 13.0   	 13.0   	 25.0   	 34.0   	298	17	66	1145	19642
422	2	2	1	5	1.0	 13.0   	 13.0   	 38.0   	 50.0   	298	17	66	1145	19642
432	2	1	1	5	1.7	 12.0   	 13.7   	 16.0   	 22.0   	298	17	66	1145	19642
436	3	4	1	5	1.9	 13.0   	 14.9   	 24.0   	 33.0   	298	17	66	1145	19642
442	3	3	1	5	1.8	 11.0   	 12.8   	 24.0   	 33.0   	298	17	66	1145	19642
450	3	1	1	5	1.5	 15.0   	 16.5   	 18.0   	 24.0   	298	17	66	1145	19642
455	3	2	1	5	1.5	 13.0   	 14.5   	 22.0   	 30.0   	298	17	66	1145	19642
459	4	2	1	5	12.0	 11.0   	 23.0   	 27.0   	 36.0   	298	17	66	1145	19642
463	4	1	1	5	1.3	 11.0   	 11.0   	 16.0   	 22.0   	298	17	66	1145	19642
469	4	3	1	5	0.5	 13.0   	 13.0   	 29.0   	 39.0   	298	17	66	1145	19642
478	4	4	1	5	1.9	 14.0   	 15.9   	 25.0   	 33.0   	298	17	66	1145	19642
484	1	2	1	6	NA	2.3	NA	NA	NA	298	17	66	1145	19642
491	1	3	1	6	NA	3.4	NA	NA	NA	298	17	66	1145	19642
497	1	1	1	6	NA	3.1	NA	NA	NA	298	17	66	1145	19642
503	1	4	1	6	NA	3.7	NA	NA	NA	298	17	66	1145	19642
505	2	1	1	6	NA	4	NA	NA	NA	298	17	66	1145	19642
515	2	2	1	6	NA	3	NA	NA	NA	298	17	66	1145	19642
522	2	4	1	6	NA	3	NA	NA	NA	298	17	66	1145	19642
527	2	3	1	6	NA	2.7	NA	NA	NA	298	17	66	1145	19642
1	1	4	2	1	0.1	 6.0   	 6.0   	 66.0   	 94.0   	231	15	77	1159	17758
9	1	1	2	1	0.0	 5.8   	 5.8   	 52.0   	 79.0   	231	15	77	1159	17758
18	1	3	2	1	4.7	 6.5   	 11.2   	 62.0   	 93.0   	231	15	77	1159	17758
20	1	2	2	1	0.2	 6.8   	 6.8   	 62.0   	 91.0   	231	15	77	1159	17758
29	2	3	2	1	0.1	 6.7   	 6.7   	 47.0   	 79.0   	231	15	77	1159	17758
35	2	4	2	1	0.6	 3.9   	 3.9   	 53.0   	 82.0   	231	15	77	1159	17758
40	2	2	2	1	0.5	 3.7   	 3.7   	 55.0   	 85.0   	231	15	77	1159	17758
46	2	1	2	1	0.8	 6.0   	 6.0   	 62.0   	 91.0   	231	15	77	1159	17758
53	3	4	2	1	3.4	 8.3   	 11.7   	 50.0   	 75.0   	231	15	77	1159	17758
60	3	3	2	1	0.5	 7.6   	 7.6   	 51.0   	 76.0   	231	15	77	1159	17758
62	3	1	2	1	0.6	 5.3   	 5.3   	 42.0   	 64.0   	231	15	77	1159	17758
69	3	2	2	1	0.4	 7.9   	 7.9   	 40.0   	 59.0   	231	15	77	1159	17758
78	4	2	2	1	0.6	 9.8   	 9.8   	 33.0   	 54.0   	231	15	77	1159	17758
83	4	1	2	1	0.0	 7.8   	 7.8   	 41.0   	 63.0   	231	15	77	1159	17758
88	4	3	2	1	2.4	 7.2   	 9.6   	 35.0   	 50.0   	231	15	77	1159	17758
95	4	4	2	1	0.0	 4.3   	 4.3   	 36.0   	 54.0   	231	15	77	1159	17758
97	1	4	2	2	0.0	 3.5   	 3.5   	 97.0   	 130.0   	231	15	77	1159	17758
105	1	1	2	2	2.2	 2.8   	 5.0   	 44.0   	 67.0   	231	15	77	1159	17758
114	1	3	2	2	3.1	 4.5   	 7.6   	 56.0   	 81.0   	231	15	77	1159	17758
116	1	2	2	2	1.8	 5.6   	 7.4   	 82.0   	 110.0   	231	15	77	1159	17758
125	2	3	2	2	2.2	 4.2   	 6.4   	 53.0   	 69.0   	231	15	77	1159	17758
131	2	4	2	2	1.7	 3.4   	 5.1   	 60.0   	 92.0   	231	15	77	1159	17758
136	2	2	2	2	3.1	 4.4   	 7.5   	 47.0   	 65.0   	231	15	77	1159	17758
142	2	1	2	2	3.2	 2.5   	 5.7   	 48.0   	 67.0   	231	15	77	1159	17758
149	3	4	2	2	3.8	 4.4   	 8.2   	 56.0   	 83.0   	231	15	77	1159	17758
156	3	3	2	2	3.1	 5.7   	 8.8   	 39.0   	 54.0   	231	15	77	1159	17758
158	3	1	2	2	1.2	 4.0   	 4.0   	 56.0   	 88.0   	231	15	77	1159	17758
165	3	2	2	2	0.2	 6.8   	 6.8   	 34.0   	 52.0   	231	15	77	1159	17758
174	4	2	2	2	0.5	 6.0   	 6.0   	 38.0   	 58.0   	231	15	77	1159	17758
179	4	1	2	2	0.2	 6.4   	 6.4   	 44.0   	 63.0   	231	15	77	1159	17758
184	4	3	2	2	1.0	 6.4   	 6.4   	 42.0   	 59.0   	231	15	77	1159	17758
191	4	4	2	2	1.1	 11.0   	 11.0   	 37.0   	 56.0   	231	15	77	1159	17758
193	1	4	2	3	0.6	 4.5   	 4.5   	 55.0   	 75.0   	231	15	77	1159	17758
201	1	1	2	3	0.0	 3.5   	 3.5   	 49.0   	 72.0   	231	15	77	1159	17758
210	1	3	2	3	0.0	 3.9   	 3.9   	 54.0   	 77.0   	231	15	77	1159	17758
212	1	2	2	3	0.0	 5.2   	 5.2   	 64.0   	 81.0   	231	15	77	1159	17758
221	2	3	2	3	0.9	 3.7   	 3.7   	 38.0   	 53.0   	231	15	77	1159	17758
227	2	4	2	3	0.8	 4.0   	 4.0   	 53.0   	 80.0   	231	15	77	1159	17758
232	2	2	2	3	0.0	 5.3   	 5.3   	 33.0   	 47.0   	231	15	77	1159	17758
238	2	1	2	3	2.4	 6.0   	 8.4   	 43.0   	 55.0   	231	15	77	1159	17758
245	3	4	2	3	0.7	 3.3   	 3.3   	 49.0   	 68.0   	231	15	77	1159	17758
252	3	3	2	3	1.8	 4.7   	 6.5   	 45.0   	 62.0   	231	15	77	1159	17758
254	3	1	2	3	1.2	 5.0   	 5.0   	 41.0   	 56.0   	231	15	77	1159	17758
261	3	2	2	3	0.9	 1.8   	 1.8   	 29.0   	 42.0   	231	15	77	1159	17758
270	4	2	2	3	0.5	 4.7   	 4.7   	 78.0   	 57.0   	231	15	77	1159	17758
275	4	1	2	3	1.8	 3.8   	 5.6   	 39.0   	 56.0   	231	15	77	1159	17758
280	4	3	2	3	1.6	 4.0   	 5.6   	 40.0   	 62.0   	231	15	77	1159	17758
287	4	4	2	3	2.6	 4.8   	 7.4   	 36.0   	 54.0   	231	15	77	1159	17758
289	1	4	2	4	1.0	 7.0   	 7.0   	 41.0   	 57.0   	231	15	77	1159	17758
297	1	1	2	4	2.9	 9.0   	 11.9   	 29.0   	 42.0   	231	15	77	1159	17758
306	1	3	2	4	8.1	 9.4   	 17.5   	 21.0   	 31.0   	231	15	77	1159	17758
308	1	2	2	4	3.6	 5.7   	 9.3   	 39.0   	 57.0   	231	15	77	1159	17758
317	2	3	2	4	0.9	 5.5   	 5.5   	 53.0   	 74.0   	231	15	77	1159	17758
323	2	4	2	4	1.6	 5.5   	 7.1   	 33.0   	 52.0   	231	15	77	1159	17758
328	2	2	2	4	1.3	 8.5   	 8.5   	 22.0   	 32.0   	231	15	77	1159	17758
334	2	1	2	4	1.0	 4.4   	 4.4   	 25.0   	 35.0   	231	15	77	1159	17758
341	3	4	2	4	8.2	 8.9   	 17.1   	 24.0   	 33.0   	231	15	77	1159	17758
348	3	3	2	4	1.8	 9.7   	 11.5   	 24.0   	 33.0   	231	15	77	1159	17758
350	3	1	2	4	0.8	 5.6   	 5.6   	 26.0   	 37.0   	231	15	77	1159	17758
357	3	2	2	4	3.0	 9.8   	 12.8   	 24.0   	 35.0   	231	15	77	1159	17758
366	4	2	2	4	3.6	 11.0   	 14.6   	 30.0   	 42.0   	231	15	77	1159	17758
371	4	1	2	4	1.3	 7.9   	 7.9   	 27.0   	 41.0   	231	15	77	1159	17758
376	4	3	2	4	2.6	 13.0   	 15.6   	 28.0   	 43.0   	231	15	77	1159	17758
383	4	4	2	4	2.1	 11.0   	 13.1   	 33.0   	 47.0   	231	15	77	1159	17758
385	1	4	2	5	1.7	 14.0   	 15.7   	 9.0   	 12.0   	231	15	77	1159	17758
393	1	1	2	5	2.3	 8.5   	 10.8   	 24.0   	 32.0   	231	15	77	1159	17758
402	1	3	2	5	2.9	 9.9   	 12.8   	 32.0   	 42.0   	231	15	77	1159	17758
404	1	2	2	5	1.0	 12.0   	 12.0   	 24.0   	 32.0   	231	15	77	1159	17758
413	2	3	2	5	1.6	 11.0   	 12.6   	 33.0   	 45.0   	231	15	77	1159	17758
419	2	4	2	5	2.3	 15.0   	 17.3   	 41.0   	 55.0   	231	15	77	1159	17758
424	2	2	2	5	1.8	 14.0   	 15.8   	 25.0   	 33.0   	231	15	77	1159	17758
430	2	1	2	5	1.3	 9.6   	 9.6   	 23.0   	 30.0   	231	15	77	1159	17758
437	3	4	2	5	1.9	 14.0   	 15.9   	 33.0   	 44.0   	231	15	77	1159	17758
444	3	3	2	5	5.8	 13.0   	 18.8   	 31.0   	 42.0   	231	15	77	1159	17758
446	3	1	2	5	1.7	 11.0   	 12.7   	 34.0   	 45.0   	231	15	77	1159	17758
453	3	2	2	5	1.7	 12.0   	 13.7   	 22.0   	 29.0   	231	15	77	1159	17758
462	4	2	2	5	1.5	 12.0   	 13.5   	 23.0   	 30.0   	231	15	77	1159	17758
467	4	1	2	5	1.7	 16.0   	 17.7   	 24.0   	 32.0   	231	15	77	1159	17758
472	4	3	2	5	0.8	 13.0   	 13.0   	 28.0   	 38.0   	231	15	77	1159	17758
479	4	4	2	5	0.9	 16.0   	 16.0   	 26.0   	 35.0   	231	15	77	1159	17758
485	1	2	2	6	NA	3.3	NA	NA	NA	231	15	77	1159	17758
487	1	3	2	6	NA	4.1	NA	NA	NA	231	15	77	1159	17758
496	1	1	2	6	NA	3.3	NA	NA	NA	231	15	77	1159	17758
504	1	4	2	6	NA	4.4	NA	NA	NA	231	15	77	1159	17758
507	2	1	2	6	NA	3.2	NA	NA	NA	231	15	77	1159	17758
513	2	2	2	6	NA	3.1	NA	NA	NA	231	15	77	1159	17758
518	2	4	2	6	NA	3.1	NA	NA	NA	231	15	77	1159	17758
524	2	3	2	6	NA	2.6	NA	NA	NA	231	15	77	1159	17758
4	1	4	3	1	0.3	 6.0   	 6.0   	 55.0   	 80.0   	230	28	55	444	12539
10	1	1	3	1	2.0	 9.9   	 11.9   	 36.0   	 50.0   	230	28	55	444	12539
16	1	3	3	1	0.3	 6.8   	 6.8   	 39.0   	 58.0   	230	28	55	444	12539
22	1	2	3	1	3.1	 5.9   	 9.0   	 45.0   	 64.0   	230	28	55	444	12539
27	2	3	3	1	9.5	 8.5   	 18.0   	 37.0   	 56.0   	230	28	55	444	12539
36	2	4	3	1	0.5	 4.6   	 4.6   	 47.0   	 67.0   	230	28	55	444	12539
41	2	2	3	1	0.6	 4.6   	 4.6   	 48.0   	 71.0   	230	28	55	444	12539
47	2	1	3	1	29.0	 13.0   	 42.0   	 34.0   	 49.0   	230	28	55	444	12539
50	3	4	3	1	2.7	 4.0   	 6.7   	 36.0   	 51.0   	230	28	55	444	12539
59	3	3	3	1	0.7	 6.7   	 6.7   	 28.0   	 45.0   	230	28	55	444	12539
64	3	1	3	1	0.6	 5.0   	 5.0   	 38.0   	 57.0   	230	28	55	444	12539
68	3	2	3	1	0.3	 5.8   	 5.8   	 25.0   	 39.0   	230	28	55	444	12539
77	4	2	3	1	0.4	 6.4   	 6.4   	 40.0   	 62.0   	230	28	55	444	12539
81	4	1	3	1	4.3	 9.1   	 13.4   	 30.0   	 45.0   	230	28	55	444	12539
90	4	3	3	1	1.4	 7.5   	 7.5   	 25.0   	 37.0   	230	28	55	444	12539
93	4	4	3	1	0.0	 5.1   	 5.1   	 29.0   	 42.0   	230	28	55	444	12539
100	1	4	3	2	0.0	 5.8   	 5.8   	 45.0   	 68.0   	230	28	55	444	12539
106	1	1	3	2	1.5	 7.1   	 8.6   	 29.0   	 40.0   	230	28	55	444	12539
112	1	3	3	2	9.8	 12.0   	 21.8   	 32.0   	 42.0   	230	28	55	444	12539
118	1	2	3	2	3.0	 7.1   	 10.1   	 55.0   	 76.0   	230	28	55	444	12539
123	2	3	3	2	4.1	 23.0   	 27.1   	 36.0   	 51.0   	230	28	55	444	12539
132	2	4	3	2	7.9	 5.9   	 13.8   	 49.0   	 75.0   	230	28	55	444	12539
137	2	2	3	2	2.6	 5.3   	 7.9   	 34.0   	 44.0   	230	28	55	444	12539
143	2	1	3	2	1.9	 4.2   	 6.1   	 29.0   	 44.0   	230	28	55	444	12539
146	3	4	3	2	2.2	 5.9   	 8.1   	 30.0   	 43.0   	230	28	55	444	12539
155	3	3	3	2	1.2	 7.1   	 7.1   	 32.0   	 49.0   	230	28	55	444	12539
160	3	1	3	2	0.2	 4.0   	 4.0   	 31.0   	 47.0   	230	28	55	444	12539
164	3	2	3	2	3.8	 8.5   	 12.3   	 24.0   	 38.0   	230	28	55	444	12539
173	4	2	3	2	0.4	 3.7   	 3.7   	 25.0   	 41.0   	230	28	55	444	12539
177	4	1	3	2	0.4	 4.0   	 4.0   	 28.0   	 39.0   	230	28	55	444	12539
186	4	3	3	2	0.6	 3.8   	 3.8   	 29.0   	 45.0   	230	28	55	444	12539
189	4	4	3	2	0.3	 5.5   	 5.5   	 27.0   	 37.0   	230	28	55	444	12539
196	1	4	3	3	0.0	 2.6   	 2.6   	 65.0   	 91.0   	230	28	55	444	12539
202	1	1	3	3	0.0	 4.2   	 4.2   	 31.0   	 45.0   	230	28	55	444	12539
208	1	3	3	3	0.0	 5.7   	 5.7   	 29.0   	 39.0   	230	28	55	444	12539
214	1	2	3	3	0.0	 3.9   	 3.9   	 49.0   	 70.0   	230	28	55	444	12539
219	2	3	3	3	0.0	 3.6   	 3.6   	 31.0   	 49.0   	230	28	55	444	12539
228	2	4	3	3	1.4	 3.4   	 3.4   	 42.0   	 60.0   	230	28	55	444	12539
233	2	2	3	3	0.3	 5.2   	 5.2   	 38.0   	 47.0   	230	28	55	444	12539
239	2	1	3	3	1.1	 3.7   	 3.7   	 35.0   	 43.0   	230	28	55	444	12539
242	3	4	3	3	0.8	 5.0   	 5.0   	 31.0   	 50.0   	230	28	55	444	12539
251	3	3	3	3	0.2	 4.6   	 4.6   	 29.0   	 42.0   	230	28	55	444	12539
256	3	1	3	3	0.7	 3.5   	 3.5   	 33.0   	 45.0   	230	28	55	444	12539
260	3	2	3	3	0.7	 3.0   	 3.0   	 25.0   	 36.0   	230	28	55	444	12539
269	4	2	3	3	1.1	 4.9   	 4.9   	 21.0   	 31.0   	230	28	55	444	12539
273	4	1	3	3	0.0	 4.6   	 4.6   	 26.0   	 37.0   	230	28	55	444	12539
282	4	3	3	3	0.9	 3.5   	 3.5   	 26.0   	 37.0   	230	28	55	444	12539
285	4	4	3	3	1.0	 5.0   	 5.0   	 24.0   	 33.0   	230	28	55	444	12539
292	1	4	3	4	0.7	 7.2   	 7.2   	 29.0   	 44.0   	230	28	55	444	12539
298	1	1	3	4	2.0	 7.0   	 9.0   	 26.0   	 39.0   	230	28	55	444	12539
304	1	3	3	4	2.1	 8.9   	 11.0   	 16.0   	 25.0   	230	28	55	444	12539
310	1	2	3	4	1.4	 6.8   	 6.8   	 27.0   	 40.0   	230	28	55	444	12539
315	2	3	3	4	3.7	 10.0   	 13.7   	 19.0   	 28.0   	230	28	55	444	12539
324	2	4	3	4	2.0	 5.1   	 7.1   	 28.0   	 42.0   	230	28	55	444	12539
329	2	2	3	4	1.3	 11.0   	 11.0   	 17.0   	 24.0   	230	28	55	444	12539
335	2	1	3	4	1.2	 8.3   	 8.3   	 16.0   	 24.0   	230	28	55	444	12539
338	3	4	3	4	2.1	 3.9   	 6.0   	 26.0   	 36.0   	230	28	55	444	12539
347	3	3	3	4	1.0	 6.4   	 6.4   	 21.0   	 31.0   	230	28	55	444	12539
352	3	1	3	4	1.4	 8.1   	 8.1   	 24.0   	 34.0   	230	28	55	444	12539
356	3	2	3	4	5.2	 16.0   	 21.2   	 15.0   	 21.0   	230	28	55	444	12539
365	4	2	3	4	2.5	 6.7   	 9.2   	 19.0   	 28.0   	230	28	55	444	12539
369	4	1	3	4	1.7	 10.0   	 11.7   	 17.0   	 25.0   	230	28	55	444	12539
378	4	3	3	4	1.3	 4.3   	 4.3   	 20.0   	 30.0   	230	28	55	444	12539
381	4	4	3	4	4.7	 13.0   	 17.7   	 18.0   	 25.0   	230	28	55	444	12539
388	1	4	3	5	1.5	 9.2   	 10.7   	 38.0   	 50.0   	230	28	55	444	12539
394	1	1	3	5	1.5	 8.4   	 9.9   	 16.0   	 21.0   	230	28	55	444	12539
400	1	3	3	5	7.4	 11.0   	 18.4   	 26.0   	 34.0   	230	28	55	444	12539
406	1	2	3	5	0.9	 8.9   	 8.9   	 27.0   	 36.0   	230	28	55	444	12539
411	2	3	3	5	7.6	 13.0   	 20.6   	 25.0   	 33.0   	230	28	55	444	12539
420	2	4	3	5	16.0	 12.0   	 28.0   	 41.0   	 55.0   	230	28	55	444	12539
425	2	2	3	5	2.7	 14.0   	 16.7   	 29.0   	 38.0   	230	28	55	444	12539
431	2	1	3	5	2.2	 8.6   	 10.8   	 12.0   	 17.0   	230	28	55	444	12539
434	3	4	3	5	1.7	 13.0   	 14.7   	 19.0   	 26.0   	230	28	55	444	12539
443	3	3	3	5	2.1	 12.0   	 14.1   	 18.0   	 24.0   	230	28	55	444	12539
448	3	1	3	5	2.5	 12.0   	 14.5   	 17.0   	 23.0   	230	28	55	444	12539
452	3	2	3	5	2.6	 11.0   	 13.6   	 18.0   	 24.0   	230	28	55	444	12539
461	4	2	3	5	1.8	 10.0   	 11.8   	 23.0   	 30.0   	230	28	55	444	12539
465	4	1	3	5	1.4	 16.0   	 16.0   	 19.0   	 25.0   	230	28	55	444	12539
474	4	3	3	5	0.7	 13.0   	 13.0   	 25.0   	 34.0   	230	28	55	444	12539
477	4	4	3	5	0.5	 13.0   	 13.0   	 29.0   	 38.0   	230	28	55	444	12539
483	1	2	3	6	NA	2.8	NA	NA	NA	230	28	55	444	12539
489	1	3	3	6	NA	3.3	NA	NA	NA	230	28	55	444	12539
495	1	1	3	6	NA	3.1	NA	NA	NA	230	28	55	444	12539
501	1	4	3	6	NA	3.6	NA	NA	NA	230	28	55	444	12539
506	2	1	3	6	NA	3	NA	NA	NA	230	28	55	444	12539
512	2	2	3	6	NA	3.7	NA	NA	NA	230	28	55	444	12539
517	2	4	3	6	NA	3.2	NA	NA	NA	230	28	55	444	12539
526	2	3	3	6	NA	2.9	NA	NA	NA	230	28	55	444	12539
5	1	4	4	1	1.8	 7.0   	 8.8   	 60.0   	 90.0   	355	28	61	773	21526
7	1	1	4	1	2.5	 5.4   	 7.9   	 79.0   	 120.0   	355	28	61	773	21526
15	1	3	4	1	3.3	 6.6   	 9.9   	 51.0   	 72.0   	355	28	61	773	21526
19	1	2	4	1	1.5	 7.6   	 9.1   	 67.0   	 100.0   	355	28	61	773	21526
30	2	3	4	1	0.8	 7.5   	 7.5   	 49.0   	 73.0   	355	28	61	773	21526
34	2	4	4	1	0.4	 5.9   	 5.9   	 75.0   	 110.0   	355	28	61	773	21526
37	2	2	4	1	0.5	 3.0   	 3.0   	 69.0   	 100.0   	355	28	61	773	21526
44	2	1	4	1	0.5	 7.3   	 7.3   	 39.0   	 62.0   	355	28	61	773	21526
49	3	4	4	1	0.3	 3.8   	 3.8   	 57.0   	 86.0   	355	28	61	773	21526
57	3	3	4	1	0.7	 6.7   	 6.7   	 34.0   	 54.0   	355	28	61	773	21526
61	3	1	4	1	0.5	 4.9   	 4.9   	 47.0   	 72.0   	355	28	61	773	21526
67	3	2	4	1	0.3	 6.5   	 6.5   	 36.0   	 53.0   	355	28	61	773	21526
74	4	2	4	1	0.4	 7.0   	 7.0   	 31.0   	 52.0   	355	28	61	773	21526
82	4	1	4	1	2.9	 5.6   	 8.5   	 34.0   	 50.0   	355	28	61	773	21526
89	4	3	4	1	0.9	 6.2   	 6.2   	 28.0   	 46.0   	355	28	61	773	21526
92	4	4	4	1	2.2	 6.4   	 8.6   	 40.0   	 59.0   	355	28	61	773	21526
101	1	4	4	2	0.0	 5.3   	 5.3   	 44.0   	 65.0   	355	28	61	773	21526
103	1	1	4	2	0.0	 4.4   	 4.4   	 63.0   	 88.0   	355	28	61	773	21526
111	1	3	4	2	2.0	 6.8   	 8.8   	 36.0   	 53.0   	355	28	61	773	21526
115	1	2	4	2	2.8	 5.0   	 7.8   	 47.0   	 68.0   	355	28	61	773	21526
126	2	3	4	2	2.8	 7.2   	 10.0   	 44.0   	 59.0   	355	28	61	773	21526
130	2	4	4	2	1.1	 11.0   	 12.1   	 53.0   	 77.0   	355	28	61	773	21526
133	2	2	4	2	1.9	 2.7   	 4.6   	 68.0   	 93.0   	355	28	61	773	21526
140	2	1	4	2	2.4	 3.3   	 5.7   	 34.0   	 46.0   	355	28	61	773	21526
145	3	4	4	2	2.1	 4.6   	 6.7   	 42.0   	 63.0   	355	28	61	773	21526
153	3	3	4	2	2.3	 3.9   	 6.2   	 38.0   	 55.0   	355	28	61	773	21526
157	3	1	4	2	1.7	 6.4   	 8.1   	 48.0   	 72.0   	355	28	61	773	21526
163	3	2	4	2	0.1	 4.6   	 4.6   	 39.0   	 56.0   	355	28	61	773	21526
170	4	2	4	2	0.0	 4.9   	 4.9   	 37.0   	 53.0   	355	28	61	773	21526
178	4	1	4	2	0.3	 4.8   	 4.8   	 35.0   	 49.0   	355	28	61	773	21526
185	4	3	4	2	1.0	 5.2   	 5.2   	 36.0   	 55.0   	355	28	61	773	21526
188	4	4	4	2	0.4	 6.8   	 6.8   	 33.0   	 48.0   	355	28	61	773	21526
197	1	4	4	3	0.0	 5.2   	 5.2   	 38.0   	 46.0   	355	28	61	773	21526
199	1	1	4	3	0.0	 4.5   	 4.5   	 41.0   	 59.0   	355	28	61	773	21526
207	1	3	4	3	0.4	 4.7   	 4.7   	 37.0   	 49.0   	355	28	61	773	21526
211	1	2	4	3	0.2	 5.1   	 5.1   	 57.0   	 82.0   	355	28	61	773	21526
222	2	3	4	3	0.4	 4.0   	 4.0   	 46.0   	 67.0   	355	28	61	773	21526
226	2	4	4	3	0.1	 3.5   	 3.5   	 72.0   	 110.0   	355	28	61	773	21526
229	2	2	4	3	0.2	 4.3   	 4.3   	 53.0   	 70.0   	355	28	61	773	21526
236	2	1	4	3	0.1	 4.2   	 4.2   	 34.0   	 44.0   	355	28	61	773	21526
241	3	4	4	3	0.8	 4.0   	 4.0   	 41.0   	 56.0   	355	28	61	773	21526
249	3	3	4	3	1.9	 5.6   	 7.5   	 35.0   	 46.0   	355	28	61	773	21526
253	3	1	4	3	0.7	 4.4   	 4.4   	 45.0   	 63.0   	355	28	61	773	21526
259	3	2	4	3	0.9	 5.5   	 5.5   	 35.0   	 50.0   	355	28	61	773	21526
266	4	2	4	3	1.8	 3.2   	 5.0   	 33.0   	 50.0   	355	28	61	773	21526
274	4	1	4	3	0.5	 4.6   	 4.6   	 39.0   	 54.0   	355	28	61	773	21526
281	4	3	4	3	0.8	 4.7   	 4.7   	 35.0   	 48.0   	355	28	61	773	21526
284	4	4	4	3	0.8	 4.6   	 4.6   	 32.0   	 43.0   	355	28	61	773	21526
293	1	4	4	4	3.0	 2.9   	 5.9   	 26.0   	 41.0   	355	28	61	773	21526
295	1	1	4	4	3.4	 8.8   	 12.2   	 90.0   	 130.0   	355	28	61	773	21526
303	1	3	4	4	6.6	 9.0   	 15.6   	 21.0   	 32.0   	355	28	61	773	21526
307	1	2	4	4	1.5	 10.0   	 11.5   	 28.0   	 42.0   	355	28	61	773	21526
318	2	3	4	4	1.3	 9.5   	 9.5   	 26.0   	 34.0   	355	28	61	773	21526
322	2	4	4	4	1.3	 6.5   	 6.5   	 56.0   	 84.0   	355	28	61	773	21526
325	2	2	4	4	1.4	 9.9   	 9.9   	 45.0   	 62.0   	355	28	61	773	21526
332	2	1	4	4	3.2	 10.0   	 13.2   	 18.0   	 27.0   	355	28	61	773	21526
337	3	4	4	4	0.7	 7.7   	 7.7   	 26.0   	 37.0   	355	28	61	773	21526
345	3	3	4	4	1.2	 11.0   	 11.0   	 24.0   	 35.0   	355	28	61	773	21526
349	3	1	4	4	4.2	 7.1   	 11.3   	 30.0   	 43.0   	355	28	61	773	21526
355	3	2	4	4	3.0	 13.0   	 16.0   	 17.0   	 24.0   	355	28	61	773	21526
362	4	2	4	4	2.6	 9.6   	 12.2   	 20.0   	 27.0   	355	28	61	773	21526
370	4	1	4	4	1.6	 11.0   	 12.6   	 25.0   	 33.0   	355	28	61	773	21526
377	4	3	4	4	1.5	 11.0   	 12.5   	 23.0   	 36.0   	355	28	61	773	21526
380	4	4	4	4	4.9	 14.0   	 18.9   	 25.0   	 34.0   	355	28	61	773	21526
389	1	4	4	5	1.4	 11.0   	 11.0   	 41.0   	 55.0   	355	28	61	773	21526
391	1	1	4	5	2.4	 9.8   	 12.2   	 24.0   	 32.0   	355	28	61	773	21526
399	1	3	4	5	1.0	 13.0   	 13.0   	 28.0   	 37.0   	355	28	61	773	21526
403	1	2	4	5	1.3	 11.0   	 11.0   	 35.0   	 47.0   	355	28	61	773	21526
414	2	3	4	5	7.5	 13.0   	 20.5   	 33.0   	 44.0   	355	28	61	773	21526
418	2	4	4	5	1.7	 12.0   	 13.7   	 64.0   	 85.0   	355	28	61	773	21526
421	2	2	4	5	1.5	 14.0   	 15.5   	 64.0   	 85.0   	355	28	61	773	21526
428	2	1	4	5	1.1	 9.2   	 9.2   	 18.0   	 24.0   	355	28	61	773	21526
433	3	4	4	5	2.3	 12.0   	 14.3   	 29.0   	 39.0   	355	28	61	773	21526
441	3	3	4	5	1.5	 13.0   	 14.5   	 26.0   	 34.0   	355	28	61	773	21526
445	3	1	4	5	3.7	 15.0   	 18.7   	 27.0   	 36.0   	355	28	61	773	21526
451	3	2	4	5	1.2	 13.0   	 13.0   	 20.0   	 27.0   	355	28	61	773	21526
458	4	2	4	5	1.5	 11.0   	 12.5   	 23.0   	 30.0   	355	28	61	773	21526
466	4	1	4	5	1.4	 15.0   	 15.0   	 24.0   	 33.0   	355	28	61	773	21526
473	4	3	4	5	1.8	 13.0   	 14.8   	 22.0   	 29.0   	355	28	61	773	21526
476	4	4	4	5	0.4	 14.0   	 14.0   	 26.0   	 35.0   	355	28	61	773	21526
486	1	2	4	6	NA	3.4	NA	NA	NA	355	28	61	773	21526
490	1	3	4	6	NA	3.8	NA	NA	NA	355	28	61	773	21526
498	1	1	4	6	NA	3.7	NA	NA	NA	355	28	61	773	21526
500	1	4	4	6	NA	3.3	NA	NA	NA	355	28	61	773	21526
509	2	1	4	6	NA	3.6	NA	NA	NA	355	28	61	773	21526
516	2	2	4	6	NA	3.4	NA	NA	NA	355	28	61	773	21526
519	2	4	4	6	NA	2.5	NA	NA	NA	355	28	61	773	21526
523	2	3	4	6	NA	2.5	NA	NA	NA	355	28	61	773	21526
3	1	4	5	1	0.1	 5.7   	 5.7   	 60.0   	 85.0   	1	1	1	1	1
11	1	1	5	1	0.3	 13.0   	 13.0   	 25.0   	 37.0   	1	1	1	1	1
13	1	3	5	1	0.2	 11.0   	 11.0   	 33.0   	 47.0   	1	1	1	1	1
24	1	2	5	1	2.4	 16.0   	 18.4   	 33.0   	 56.0   	1	1	1	1	1
25	2	3	5	1	0.9	 14.0   	 14.0   	 31.0   	 46.0   	1	1	1	1	1
32	2	4	5	1	4.0	 8.2   	 12.2   	 32.0   	 50.0   	1	1	1	1	1
39	2	2	5	1	3.5	 11.0   	 14.5   	 33.0   	 50.0   	1	1	1	1	1
43	2	1	5	1	0.3	 29.0   	 29.0   	 41.0   	 62.0   	1	1	1	1	1
54	3	4	5	1	2.7	 10.0   	 12.7   	 24.0   	 34.0   	1	1	1	1	1
55	3	3	5	1	0.7	 13.0   	 13.0   	 22.0   	 33.0   	1	1	1	1	1
63	3	1	5	1	0.7	 23.0   	 23.0   	 41.0   	 62.0   	1	1	1	1	1
72	3	2	5	1	0.7	 15.0   	 15.0   	 17.0   	 28.0   	1	1	1	1	1
76	4	2	5	1	0.5	 10.0   	 10.0   	 21.0   	 33.0   	1	1	1	1	1
80	4	1	5	1	2.6	 20.0   	 22.6   	 28.0   	 41.0   	1	1	1	1	1
86	4	3	5	1	0.3	 10.0   	 10.0   	 23.0   	 36.0   	1	1	1	1	1
96	4	4	5	1	0.0	 10.0   	 10.0   	 21.0   	 30.0   	1	1	1	1	1
99	1	4	5	2	0.0	 6.9   	 6.9   	 36.0   	 48.0   	1	1	1	1	1
107	1	1	5	2	1.9	 15.0   	 16.9   	 25.0   	 34.0   	1	1	1	1	1
109	1	3	5	2	1.3	 14.0   	 14.0   	 23.0   	 32.0   	1	1	1	1	1
120	1	2	5	2	1.5	 14.0   	 15.5   	 34.0   	 50.0   	1	1	1	1	1
121	2	3	5	2	1.9	 14.0   	 15.9   	 25.0   	 35.0   	1	1	1	1	1
128	2	4	5	2	2.1	 4.5   	 6.6   	 34.0   	 56.0   	1	1	1	1	1
135	2	2	5	2	1.5	 12.0   	 13.5   	 29.0   	 39.0   	1	1	1	1	1
139	2	1	5	2	3.0	 17.0   	 20.0   	 28.0   	 38.0   	1	1	1	1	1
150	3	4	5	2	2.1	 7.0   	 9.1   	 22.0   	 34.0   	1	1	1	1	1
151	3	3	5	2	2.8	 16.0   	 18.8   	 25.0   	 37.0   	1	1	1	1	1
159	3	1	5	2	3.0	 14.0   	 17.0   	 26.0   	 37.0   	1	1	1	1	1
168	3	2	5	2	0.0	 15.0   	 15.0   	 20.0   	 30.0   	1	1	1	1	1
172	4	2	5	2	1.4	 12.0   	 12.0   	 20.0   	 31.0   	1	1	1	1	1
176	4	1	5	2	0.2	 20.0   	 20.0   	 28.0   	 46.0   	1	1	1	1	1
182	4	3	5	2	0.0	 16.0   	 16.0   	 22.0   	 33.0   	1	1	1	1	1
192	4	4	5	2	7.7	 13.0   	 20.7   	 20.0   	 30.0   	1	1	1	1	1
195	1	4	5	3	0.0	 4.0   	 4.0   	 34.0   	 47.0   	1	1	1	1	1
203	1	1	5	3	0.0	 15.0   	 15.0   	 33.0   	 43.0   	1	1	1	1	1
205	1	3	5	3	4.8	 9.8   	 14.6   	 24.0   	 32.0   	1	1	1	1	1
216	1	2	5	3	0.0	 9.9   	 9.9   	 28.0   	 43.0   	1	1	1	1	1
217	2	3	5	3	0.1	 12.0   	 12.0   	 32.0   	 45.0   	1	1	1	1	1
224	2	4	5	3	2.8	 5.8   	 8.6   	 33.0   	 48.0   	1	1	1	1	1
231	2	2	5	3	1.4	 7.7   	 7.7   	 25.0   	 34.0   	1	1	1	1	1
235	2	1	5	3	0.1	 11.0   	 11.0   	 33.0   	 41.0   	1	1	1	1	1
246	3	4	5	3	0.8	 6.6   	 6.6   	 20.0   	 27.0   	1	1	1	1	1
247	3	3	5	3	2.9	 9.1   	 12.0   	 23.0   	 32.0   	1	1	1	1	1
255	3	1	5	3	1.1	 12.0   	 12.0   	 25.0   	 38.0   	1	1	1	1	1
264	3	2	5	3	2.1	 8.1   	 10.2   	 18.0   	 27.0   	1	1	1	1	1
268	4	2	5	3	1.1	 4.6   	 4.6   	 22.0   	 31.0   	1	1	1	1	1
272	4	1	5	3	1.5	 9.6   	 11.1   	 26.0   	 32.0   	1	1	1	1	1
278	4	3	5	3	0.2	 6.9   	 6.9   	 24.0   	 39.0   	1	1	1	1	1
288	4	4	5	3	1.2	 10.0   	 10.0   	 20.0   	 30.0   	1	1	1	1	1
291	1	4	5	4	1.9	 10.0   	 11.9   	 25.0   	 37.0   	1	1	1	1	1
299	1	1	5	4	2.7	 9.3   	 12.0   	 18.0   	 28.0   	1	1	1	1	1
301	1	3	5	4	1.7	 11.0   	 12.7   	 14.0   	 21.0   	1	1	1	1	1
312	1	2	5	4	1.4	 12.0   	 12.0   	 14.0   	 23.0   	1	1	1	1	1
313	2	3	5	4	1.7	 9.8   	 11.5   	 18.0   	 24.0   	1	1	1	1	1
320	2	4	5	4	0.9	 9.9   	 9.9   	 21.0   	 33.0   	1	1	1	1	1
327	2	2	5	4	1.2	 11.0   	 11.0   	 15.0   	 22.0   	1	1	1	1	1
331	2	1	5	4	2.0	 8.0   	 10.0   	 16.0   	 22.0   	1	1	1	1	1
342	3	4	5	4	2.9	 13.0   	 15.9   	 15.0   	 21.0   	1	1	1	1	1
343	3	3	5	4	2.0	 11.0   	 13.0   	 17.0   	 24.0   	1	1	1	1	1
351	3	1	5	4	0.9	 7.6   	 7.6   	 20.0   	 29.0   	1	1	1	1	1
360	3	2	5	4	2.1	 9.1   	 11.2   	 13.0   	 18.0   	1	1	1	1	1
364	4	2	5	4	7.7	 13.0   	 20.7   	 15.0   	 21.0   	1	1	1	1	1
368	4	1	5	4	2.1	 13.0   	 15.1   	 15.0   	 22.0   	1	1	1	1	1
374	4	3	5	4	2.3	 12.0   	 14.3   	 15.0   	 22.0   	1	1	1	1	1
384	4	4	5	4	2.5	 17.0   	 19.5   	 15.0   	 19.0   	1	1	1	1	1
387	1	4	5	5	1.1	 9.1   	 9.1   	 24.0   	 32.0   	1	1	1	1	1
395	1	1	5	5	1.2	 11.0   	 11.0   	 17.0   	 23.0   	1	1	1	1	1
397	1	3	5	5	0.9	 9.1   	 9.1   	 30.0   	 40.0   	1	1	1	1	1
408	1	2	5	5	1.0	 9.4   	 9.4   	 23.0   	 31.0   	1	1	1	1	1
409	2	3	5	5	0.8	 8.9   	 8.9   	 30.0   	 40.0   	1	1	1	1	1
416	2	4	5	5	3.1	 11.0   	 14.1   	 29.0   	 39.0   	1	1	1	1	1
423	2	2	5	5	1.4	 11.0   	 11.0   	 31.0   	 41.0   	1	1	1	1	1
427	2	1	5	5	1.2	 9.0   	 9.0   	 14.0   	 19.0   	1	1	1	1	1
438	3	4	5	5	1.4	 11.0   	 11.0   	 26.0   	 34.0   	1	1	1	1	1
439	3	3	5	5	1.4	 12.0   	 12.0   	 23.0   	 30.0   	1	1	1	1	1
447	3	1	5	5	1.2	 9.3   	 9.3   	 15.0   	 20.0   	1	1	1	1	1
456	3	2	5	5	1.2	 12.0   	 12.0   	 19.0   	 26.0   	1	1	1	1	1
460	4	2	5	5	1.5	 9.3   	 10.8   	 28.0   	 38.0   	1	1	1	1	1
464	4	1	5	5	1.9	 13.0   	 14.9   	 17.0   	 22.0   	1	1	1	1	1
470	4	3	5	5	0.4	 11.0   	 11.0   	 24.0   	 32.0   	1	1	1	1	1
480	4	4	5	5	6.9	 21.0   	 27.9   	 17.0   	 23.0   	1	1	1	1	1
481	1	2	5	6	NA	2	NA	NA	NA	1	1	1	1	1
492	1	3	5	6	NA	3	NA	NA	NA	1	1	1	1	1
494	1	1	5	6	NA	2.5	NA	NA	NA	1	1	1	1	1
502	1	4	5	6	NA	2.7	NA	NA	NA	1	1	1	1	1
510	2	1	5	6	NA	3.7	NA	NA	NA	1	1	1	1	1
514	2	2	5	6	NA	3.6	NA	NA	NA	1	1	1	1	1
521	2	4	5	6	NA	3.9	NA	NA	NA	1	1	1	1	1
528	2	3	5	6	NA	1.9	NA	NA	NA	1	1	1	1	1
6	1	4	6	1	0.1	 6.8   	 6.8   	 51.0   	 72.0   	0	0	0	0	0
12	1	1	6	1	4.5	 14.0   	 18.5   	 33.0   	 46.0   	0	0	0	0	0
17	1	3	6	1	1.2	 16.0   	 16.0   	 31.0   	 45.0   	0	0	0	0	0
23	1	2	6	1	0.3	 10.0   	 10.0   	 48.0   	 69.0   	0	0	0	0	0
28	2	3	6	1	2.5	 11.0   	 13.5   	 30.0   	 46.0   	0	0	0	0	0
33	2	4	6	1	7.3	 6.8   	 14.1   	 65.0   	 97.0   	0	0	0	0	0
42	2	2	6	1	1.7	 12.0   	 13.7   	 30.0   	 43.0   	0	0	0	0	0
45	2	1	6	1	0.4	 10.0   	 10.0   	 30.0   	 47.0   	0	0	0	0	0
51	3	4	6	1	0.4	 7.6   	 7.6   	 23.0   	 35.0   	0	0	0	0	0
56	3	3	6	1	3.8	 11.0   	 14.8   	 24.0   	 38.0   	0	0	0	0	0
65	3	1	6	1	1.1	 9.5   	 9.5   	 26.0   	 40.0   	0	0	0	0	0
70	3	2	6	1	0.4	 13.0   	 13.0   	 21.0   	 31.0   	0	0	0	0	0
73	4	2	6	1	0.8	 8.4   	 8.4   	 21.0   	 36.0   	0	0	0	0	0
84	4	1	6	1	0.0	 9.1   	 9.1   	 25.0   	 39.0   	0	0	0	0	0
87	4	3	6	1	1.6	 8.4   	 10.0   	 21.0   	 35.0   	0	0	0	0	0
91	4	4	6	1	0.7	 9.1   	 9.1   	 20.0   	 32.0   	0	0	0	0	0
102	1	4	6	2	0.0	 8.3   	 8.3   	 44.0   	 62.0   	0	0	0	0	0
108	1	1	6	2	2.7	 11.0   	 13.7   	 23.0   	 33.0   	0	0	0	0	0
113	1	3	6	2	4.5	 16.0   	 20.5   	 24.0   	 35.0   	0	0	0	0	0
119	1	2	6	2	6.9	 14.0   	 20.9   	 48.0   	 70.0   	0	0	0	0	0
124	2	3	6	2	2.1	 13.0   	 15.1   	 28.0   	 36.0   	0	0	0	0	0
129	2	4	6	2	2.5	 5.7   	 8.2   	 50.0   	 69.0   	0	0	0	0	0
138	2	2	6	2	2.6	 14.0   	 16.6   	 24.0   	 34.0   	0	0	0	0	0
141	2	1	6	2	2.5	 9.8   	 12.3   	 24.0   	 35.0   	0	0	0	0	0
147	3	4	6	2	2.0	 5.4   	 7.4   	 27.0   	 39.0   	0	0	0	0	0
152	3	3	6	2	3.1	 11.0   	 14.1   	 25.0   	 34.0   	0	0	0	0	0
161	3	1	6	2	0.3	 11.0   	 11.0   	 26.0   	 38.0   	0	0	0	0	0
166	3	2	6	2	0.4	 10.0   	 10.0   	 20.0   	 34.0   	0	0	0	0	0
169	4	2	6	2	0.0	 9.4   	 9.4   	 20.0   	 29.0   	0	0	0	0	0
180	4	1	6	2	2.8	 9.4   	 12.2   	 28.0   	 39.0   	0	0	0	0	0
183	4	3	6	2	0.3	 11.0   	 11.0   	 21.0   	 29.0   	0	0	0	0	0
187	4	4	6	2	0.5	 8.5   	 8.5   	 20.0   	 29.0   	0	0	0	0	0
198	1	4	6	3	0.0	 4.3   	 4.3   	 69.0   	 100.0   	0	0	0	0	0
204	1	1	6	3	0.0	 8.3   	 8.3   	 24.0   	 33.0   	0	0	0	0	0
209	1	3	6	3	0.0	 9.8   	 9.8   	 25.0   	 30.0   	0	0	0	0	0
215	1	2	6	3	0.0	 9.0   	 9.0   	 36.0   	 48.0   	0	0	0	0	0
220	2	3	6	3	0.4	 6.9   	 6.9   	 27.0   	 36.0   	0	0	0	0	0
225	2	4	6	3	0.8	 4.8   	 4.8   	 33.0   	 48.0   	0	0	0	0	0
234	2	2	6	3	0.0	 10.0   	 10.0   	 25.0   	 31.0   	0	0	0	0	0
237	2	1	6	3	0.0	 6.6   	 6.6   	 30.0   	 41.0   	0	0	0	0	0
243	3	4	6	3	0.6	 5.8   	 5.8   	 26.0   	 36.0   	0	0	0	0	0
248	3	3	6	3	1.1	 7.9   	 7.9   	 24.0   	 30.0   	0	0	0	0	0
257	3	1	6	3	0.9	 8.8   	 8.8   	 23.0   	 36.0   	0	0	0	0	0
262	3	2	6	3	0.9	 7.5   	 7.5   	 20.0   	 28.0   	0	0	0	0	0
265	4	2	6	3	2.0	 6.1   	 8.1   	 18.0   	 27.0   	0	0	0	0	0
276	4	1	6	3	1.5	 6.6   	 8.1   	 26.0   	 36.0   	0	0	0	0	0
279	4	3	6	3	0.2	 8.4   	 8.4   	 22.0   	 33.0   	0	0	0	0	0
283	4	4	6	3	0.8	 7.4   	 7.4   	 21.0   	 30.0   	0	0	0	0	0
294	1	4	6	4	1.4	 8.6   	 8.6   	 43.0   	 65.0   	0	0	0	0	0
300	1	1	6	4	1.4	 9.7   	 9.7   	 15.0   	 23.0   	0	0	0	0	0
305	1	3	6	4	1.9	 11.0   	 12.9   	 15.0   	 23.0   	0	0	0	0	0
311	1	2	6	4	1.8	 12.0   	 13.8   	 16.0   	 25.0   	0	0	0	0	0
316	2	3	6	4	18.0	 13.0   	 31.0   	 22.0   	 30.0   	0	0	0	0	0
321	2	4	6	4	9.5	 13.0   	 22.5   	 19.0   	 30.0   	0	0	0	0	0
330	2	2	6	4	1.2	 12.0   	 12.0   	 15.0   	 20.0   	0	0	0	0	0
333	2	1	6	4	1.4	 7.1   	 7.1   	 18.0   	 26.0   	0	0	0	0	0
339	3	4	6	4	1.1	 10.0   	 10.0   	 15.0   	 21.0   	0	0	0	0	0
344	3	3	6	4	1.0	 12.0   	 12.0   	 17.0   	 24.0   	0	0	0	0	0
353	3	1	6	4	2.3	 8.3   	 10.6   	 20.0   	 25.0   	0	0	0	0	0
358	3	2	6	4	5.7	 11.0   	 16.7   	 13.0   	 20.0   	0	0	0	0	0
361	4	2	6	4	2.6	 9.8   	 12.4   	 15.0   	 19.0   	0	0	0	0	0
372	4	1	6	4	5.4	 13.0   	 18.4   	 17.0   	 26.0   	0	0	0	0	0
375	4	3	6	4	0.8	 12.0   	 12.0   	 17.0   	 25.0   	0	0	0	0	0
379	4	4	6	4	1.5	 14.0   	 15.5   	 16.0   	 22.0   	0	0	0	0	0
390	1	4	6	5	1.2	 7.7   	 7.7   	 41.0   	 55.0   	0	0	0	0	0
396	1	1	6	5	1.1	 6.9   	 6.9   	 17.0   	 22.0   	0	0	0	0	0
401	1	3	6	5	1.0	 9.0   	 9.0   	 20.0   	 27.0   	0	0	0	0	0
407	1	2	6	5	1.4	 6.8   	 6.8   	 33.0   	 45.0   	0	0	0	0	0
412	2	3	6	5	1.2	 12.0   	 12.0   	 21.0   	 28.0   	0	0	0	0	0
417	2	4	6	5	2.5	 13.0   	 15.5   	 18.0   	 25.0   	0	0	0	0	0
426	2	2	6	5	1.4	 11.0   	 11.0   	 16.0   	 22.0   	0	0	0	0	0
429	2	1	6	5	1.2	 8.4   	 8.4   	 13.0   	 17.0   	0	0	0	0	0
435	3	4	6	5	1.7	 11.0   	 12.7   	 18.0   	 24.0   	0	0	0	0	0
440	3	3	6	5	1.5	 11.0   	 12.5   	 18.0   	 24.0   	0	0	0	0	0
449	3	1	6	5	4.7	 11.0   	 15.7   	 15.0   	 20.0   	0	0	0	0	0
454	3	2	6	5	2.1	 9.8   	 11.9   	 15.0   	 20.0   	0	0	0	0	0
457	4	2	6	5	1.8	 10.0   	 11.8   	 15.0   	 20.0   	0	0	0	0	0
468	4	1	6	5	0.9	 12.0   	 12.0   	 19.0   	 26.0   	0	0	0	0	0
471	4	3	6	5	0.5	 12.0   	 12.0   	 17.0   	 22.0   	0	0	0	0	0
475	4	4	6	5	2.4	 14.0   	 16.4   	 14.0   	 18.0   	0	0	0	0	0
482	1	2	6	6	NA	2	NA	NA	NA	0	0	0	0	0
488	1	3	6	6	NA	3.1	NA	NA	NA	0	0	0	0	0
493	1	1	6	6	NA	2.5	NA	NA	NA	0	0	0	0	0
499	1	4	6	6	NA	3.3	NA	NA	NA	0	0	0	0	0
508	2	1	6	6	NA	3	NA	NA	NA	0	0	0	0	0
511	2	2	6	6	NA	3.4	NA	NA	NA	0	0	0	0	0
520	2	4	6	6	NA	3.2	NA	NA	NA	0	0	0	0	0
525	2	3	6	6	NA	2	NA	NA	NA	0	0	0	0	0
