&;VILJAVUUSTUTKIMUS
&;                   Helsingin Yliopisto
&;                   Latokartanonkaari 5
&;                   00014 HELSINGIN YLIOPISTO
&;
&; Tila
&;
&; N„ytteenottaja     Kivel„ Jukka/ 2015_322a
&; Asiakasnumero      28541
&; Tutkimusnumero     119608
&;
&;
&;
&;
&;
&;                          Ahma ymp„rist” Oy
&;          Sammonkatu 8
&;          Oulu
&;          puh 044-5885 260   fax
&;----------------------------------------------------------------
%;Nro;Tunnus;x;y;PIMAAL;MULTAV;Jl;ammN;VL/ammN;nitN;VL/nitN;liuN;VL/liuN;
%;N„ytteen numero;L„hett„j„n tunnus;X-koord.;Y-koord.;Maalaji;Multavuus;Johtoluku;ammN;VL/ammN;nitN;VL/nitN;liuN;VL/liuN;
%;;;;;;;;mg/l;;mg/l;;mg/l;;
%;
#;001;1akS2 pintamaa;;;;;0,0;1,70;0;14,00;0;15,70;0;
#;002;1askS1 pintamaa;;;;;0,0;2,20;0;10,00;0;12,20;0;
#;003;1akM pintamaa;;;;;0,0;1,10;0;9,10;0;9,10;0;
#;004;1akS3 pintamaa;;;;;0,0;1,50;0;9,20;0;10,70;0;
#;005;1akS4 pintamaa;;;;;0,0;1,40;0;11,00;0;11,00;0;
#;006;1a 0 pintamaa;;;;;0,0;1,20;0;7,70;0;7,70;0;
#;007;1rS4 pintamaa;;;;;0,0;2,40;0;9,80;0;12,20;0;
#;008;1rS1 pintamaa;;;;;0,0;3,10;0;9,30;0;12,40;0;
#;009;1rS2 pintamaa;;;;;0,0;2,30;0;8,50;0;10,80;0;
#;010;1rS3 pintamaa;;;;;0,0;1,50;0;8,40;0;9,90;0;
#;011;1rM pintamaa;;;;;0,0;1,20;0;11,00;0;11,00;0;
#;012;1rO pintamaa;;;;;0,0;1,10;0;6,90;0;6,90;0;
#;013;1pM pintamaa;;;;;0,0;0,88;0;9,10;0;9,10;0;
#;014;1pS1 pintamaa;;;;;0,0;2,90;0;13,00;0;15,90;0;
#;015;1pS4 pintamaa;;;;;0,0;1,00;0;13,00;0;13,00;0;
#;016;1pS3 pintamaa;;;;;0,0;7,40;0;11,00;0;18,40;0;
#;017;1pO pintamaa;;;;;0,0;0,98;0;9,00;0;9,00;0;
#;018;1pS2 pintamaa;;;;;0,0;2,90;0;9,90;0;12,80;0;
#;019;1kkS4 pintamaa;;;;;0,0;1,30;0;11,00;0;11,00;0;
#;020;1kkS2 pintamaa;;;;;0,0;0,95;0;12,00;0;12,00;0;
#;021;1kkS1 pintamaa;;;;;0,0;1,20;0;10,00;0;10,00;0;
#;022;1kkS3 pintamaa;;;;;0,0;0,87;0;8,90;0;8,90;0;
#;023;1kk0 pintamaa;;;;;0,0;1,40;0;6,80;0;6,80;0;
#;024;1kkM pintamaa;;;;;0,0;0,96;0;9,40;0;9,40;0;
#;025;2pM pintamaa;;;;;0,0;0,79;0;8,90;0;8,90;0;
#;026;2pS1 pintamaa;;;;;0,0;3,30;0;11,00;0;14,30;0;
#;027;2pS3 pintamaa;;;;;0,0;7,60;0;13,00;0;20,60;0;
#;028;2p0 pintamaa;;;;;0,0;1,20;0;12,00;0;12,00;0;
#;029;2pS2 pintamaa;;;;;0,0;1,60;0;11,00;0;12,60;0;
#;030;2pS4 pintamaa;;;;;0,0;7,50;0;13,00;0;20,50;0;
#;031;2akS1 pintamaa;;;;;0,0;1,10;0;13,00;0;13,00;0;
#;032;2akM pintamaa;;;;;0,0;3,10;0;11,00;0;14,10;0;
#;033;2akO pintamaa;;;;;0,0;2,50;0;13,00;0;15,50;0;
#;034;2akS4 pintamaa;;;;;0,0;1,70;0;12,00;0;13,70;0;
#;035;2akS2 pintamaa;;;;;0,0;2,30;0;15,00;0;17,30;0;
#;036;2akS3 pintamaa;;;;;0,0;16,00;0;12,00;0;28,00;0;
#;037;2kkS4 pintamaa;;;;;0,0;1,50;0;14,00;0;15,50;0;
#;038;2kkS1 pintamaa;;;;;0,0;0,98;0;13,00;0;13,00;0;
#;039;2kkM pintamaa;;;;;0,0;1,40;0;11,00;0;11,00;0;
#;040;2kkS2 pintamaa;;;;;0,0;1,80;0;14,00;0;15,80;0;
#;041;2kkS3 pintamaa;;;;;0,0;2,70;0;14,00;0;16,70;0;
#;042;2kk0 pintamaa;;;;;0,0;1,40;0;11,00;0;11,00;0;
#;043;2rM pintamaa;;;;;0,0;1,20;0;9,00;0;9,00;0;
#;044;2rS4 pintamaa;;;;;0,0;1,10;0;9,20;0;9,20;0;
#;045;2r0 pintamaa;;;;;0,0;1,20;0;8,40;0;8,40;0;
#;046;2rS2 pintamaa;;;;;0,0;1,30;0;9,60;0;9,60;0;
#;047;2rS3 pintamaa;;;;;0,0;2,20;0;8,60;0;10,80;0;
#;048;2rS1 pintamaa;;;;;0,0;1,70;0;12,00;0;13,70;0;
#;049;3akS4 pintamaa;;;;;0,0;2,30;0;12,00;0;14,30;0;
#;050;3akS3 pintamaa;;;;;0,0;1,70;0;13,00;0;14,70;0;
#;051;3ak0 pintamaa;;;;;0,0;1,70;0;11,00;0;12,70;0;
#;052;3akS1 pintamaa;;;;;0,0;1,90;0;13,00;0;14,90;0;
#;053;3akS2 pintamaa;;;;;0,0;1,90;0;14,00;0;15,90;0;
#;054;3akM pintamaa;;;;;0,0;1,40;0;11,00;0;11,00;0;
#;055;3pM pintamaa;;;;;0,0;1,40;0;12,00;0;12,00;0;
#;056;3p0 pintamaa;;;;;0,0;1,50;0;11,00;0;12,50;0;
#;057;3pS4 pintamaa;;;;;0,0;1,50;0;13,00;0;14,50;0;
#;058;3pS1 pintamaa;;;;;0,0;1,80;0;11,00;0;12,80;0;
#;059;3pS3 pintamaa;;;;;0,0;2,10;0;12,00;0;14,10;0;
#;060;3pS2 pintamaa;;;;;0,0;5,80;0;13,00;0;18,80;0;
#;061;3rS4 pintamaa;;;;;0,0;3,70;0;15,00;0;18,70;0;
#;062;3rS2 pintamaa;;;;;0,0;1,70;0;11,00;0;12,70;0;
#;063;3rM pintamaa;;;;;0,0;1,20;0;9,30;0;9,30;0;
#;064;3rS3 pintamaa;;;;;0,0;2,50;0;12,00;0;14,50;0;
#;065;3r0 pintamaa;;;;;0,0;4,70;0;11,00;0;15,70;0;
#;066;3rS1 pintamaa;;;;;0,0;1,50;0;15,00;0;16,50;0;
#;067;3kkS4 pintamaa;;;;;0,0;1,20;0;13,00;0;13,00;0;
#;068;3kkS3 pintamaa;;;;;0,0;2,60;0;11,00;0;13,60;0;
#;069;3kkS2 pintamaa;;;;;0,0;1,70;0;12,00;0;13,70;0;
#;070;3kk0 pintamaa;;;;;0,0;2,10;0;9,80;0;11,90;0;
#;071;3kkS1 pintamaa;;;;;0,0;1,50;0;13,00;0;14,50;0;
#;072;3kkM pintamaa;;;;;0,0;1,20;0;12,00;0;12,00;0;
#;073;4kk0 pintamaa;;;;;0,0;1,80;0;10,00;0;11,80;0;
#;074;4kkS4 pintamaa;;;;;0,0;1,50;0;11,00;0;12,50;0;
#;075;4kkS1 pintamaa;;;;;0,0;12,00;0;11,00;0;23,00;0;
#;076;4kkM pintamaa;;;;;0,0;1,50;0;9,30;0;10,80;0;
#;077;4kkS3 pintamaa;;;;;0,0;1,80;0;10,00;0;11,80;0;
#;078;4kkS2 pintamaa;;;;;0,0;1,50;0;12,00;0;13,50;0;
#;079;4rS1 pintmaaa;;;;;0,0;1,30;0;11,00;0;11,00;0;
#;080;4rM pintamaa;;;;;0,0;1,90;0;13,00;0;14,90;0;
#;081;4rS3 pintamaa;;;;;0,0;1,40;0;16,00;0;16,00;0;
#;082;4rS4 pintamaa;;;;;0,0;1,40;0;15,00;0;15,00;0;
#;083;4rS2 pintamaa;;;;;0,0;1,70;0;16,00;0;17,70;0;
#;084;4r0 pintamaa;;;;;0,0;0,91;0;12,00;0;12,00;0;
#;085;4pS1 pintamaa;;;;;0,0;0,50;0;13,00;0;13,00;0;
#;086;4pM pintamaa;;;;;0,0;0,37;0;11,00;0;11,00;0;
#;087;4p0 pintamaa;;;;;0,0;0,47;0;12,00;0;12,00;0;
#;088;4pS2 pintamaa;;;;;0,0;0,77;0;13,00;0;13,00;0;
#;089;4pS4 pintamaa;;;;;0,0;1,80;0;13,00;0;14,80;0;
#;090;4pS3 pintamaa;;;;;0,0;0,72;0;13,00;0;13,00;0;
#;091;4ak0 pintamaa;;;;;0,0;2,40;0;14,00;0;16,40;0;
#;092;4akS4 pintamaa;;;;;0,0;0,39;0;14,00;0;14,00;0;
#;093;4akS3 pintamaa;;;;;0,0;0,49;0;13,00;0;13,00;0;
#;094;4akS1 pintamaa;;;;;0,0;1,90;0;14,00;0;15,90;0;
#;095;4akS2 pintamaa;;;;;0,0;0,88;0;16,00;0;16,00;0;
#;096;4akM pintamaa;;;;;0,0;6,90;0;21,00;0;27,90;0;
#;097;1akS4 pohjamaa;;;;;0,0;1,10;0;14,00;0;14,00;0;
#;098;1rS4 pohjamaa;;;;;0,0;0,56;0;7,80;0;7,80;0;
#;099;1pS4 pohjamaa;;;;;0,0;1,10;0;13,00;0;13,00;0;
#;100;1p0 pohjamaa;;;;;0,0;0,56;0;11,00;0;11,00;0;
#;101;2p0 pohjamaa;;;;;0,0;2,20;0;12,00;0;14,20;0;
#;102;2pS4 pohjamaa;;;;;0,0;0,45;0;13,00;0;13,00;0;
#;103;2akS4 pohjamaa;;;;;0,0;0,80;0;12,00;0;12,00;0;
#;104;2rS4 pohjamaa;;;;;0,0;0,52;0;6,50;0;6,50;0;
#;105;3akS4 pohjamaa;;;;;0,0;0,87;0;14,00;0;14,00;0;
#;106;3p0 pohjamaa;;;;;0,0;3,60;0;12,00;0;15,60;0;
#;107;3pS4 pohjamaa;;;;;0,0;0,45;0;12,00;0;12,00;0;
#;108;3rS4 pohjamaa;;;;;0,0;1,50;0;12,00;0;13,50;0;
#;109;4rS4 pohjamaa;;;;;0,0;2,50;0;17,00;0;19,50;0;
#;110;4p0 pohjamaa;;;;;0,0;7,60;0;12,00;0;19,60;0;
#;111;4pS4 pohjamaa;;;;;0,0;0,83;0;12,00;0;12,00;0;
#;112;4akS4 pohjamaa;;;;;0,0;1,30;0;15,00;0;15,00;0;
