&;VILJAVUUSTUTKIMUS
&;                   Helsingin Yliopisto
&;                   Latokartanonkaari 5
&;                   00014 HELSINGIN YLIOPISTO
&;
&; Tila
&;
&; N„ytteenottaja     Omistaja
&; Asiakasnumero      28541
&; Tutkimusnumero     118577
&;
&;
&;
&;
&;
&;                          Ahma ymp„rist” Oy
&;          Sammonkatu 8
&;          Oulu
&;          puh 044-5885 260   fax
&;----------------------------------------------------------------
%;Nro;Tunnus;x;y;PIMAAL;MULTAV;Jl;ammN;VL/ammN;nitN;VL/nitN;liuN;VL/liuN;
%;N„ytteen numero;L„hett„j„n tunnus;X-koord.;Y-koord.;Maalaji;Multavuus;Johtoluku;ammN;VL/ammN;nitN;VL/nitN;liuN;VL/liuN;
%;;;;;;;;mg/l;;mg/l;;mg/l;;
%;
#;001;1ak S2 pintamaa;;;;;0,0;1,00;0;7,00;0;7,00;0;
#;002;1sk S1 pintamaa;;;;;0,0;0,92;0;8,10;0;8,10;0;
#;003;1ak M pintamaa;;;;;0,0;1,90;0;10,00;0;11,90;0;
#;004;1 ak S3 pintamaa;;;;;0,0;0,72;0;7,20;0;7,20;0;
#;005;1 ak S4 pintamaa;;;;;0,0;3,00;0;2,90;0;5,90;0;
#;006;1 ak 0 pintamaa;;;;;0,0;1,40;0;8,60;0;8,60;0;
#;007;1 r S4 pintamaa;;;;;0,0;3,40;0;8,80;0;12,20;0;
#;008;1 r S1 pintamaa;;;;;0,0;1,10;0;7,30;0;7,30;0;
#;009;1 r S2 pintamaa;;;;;0,0;2,90;0;9,00;0;11,90;0;
#;010;1 r S3 pintamaa;;;;;0,0;2,00;0;7,00;0;9,00;0;
#;011;1 r M pintamaa;;;;;0,0;2,70;0;9,30;0;12,00;0;
#;012;1 r 0 pintamaa;;;;;0,0;1,40;0;9,70;0;9,70;0;
#;013;1 p M pintamaa;;;;;0,0;1,70;0;11,00;0;12,70;0;
#;014;1 p S1 pintamaa;;;;;0,0;1,60;0;12,00;0;13,60;0;
#;015;1 p S4 pintamaa;;;;;0,0;6,60;0;9,00;0;15,60;0;
#;016;1 p S3 pintamaa;;;;;0,0;2,10;0;8,90;0;11,00;0;
#;017;1 p 0 pintamaa;;;;;0,0;1,90;0;11,00;0;12,90;0;
#;018;1 p S2 pintamaa;;;;;0,0;8,10;0;9,40;0;17,50;0;
#;019;1 kk S4 pintamaa;;;;;0,0;1,50;0;10,00;0;11,50;0;
#;020;1 kk S2 pintamaa;;;;;0,0;3,60;0;5,70;0;9,30;0;
#;021;1 kk S1 pintamaa;;;;;0,0;1,40;0;6,60;0;6,60;0;
#;022;1 kk S3 pintamaa;;;;;0,0;1,40;0;6,80;0;6,80;0;
#;023;1 kk 0 pintamaa;;;;;0,0;1,80;0;12,00;0;13,80;0;
#;024;1 kk M pintamaa;;;;;0,0;1,40;0;12,00;0;12,00;0;
#;025;2 p M pintamaa;;;;;0,0;1,70;0;9,80;0;11,50;0;
#;026;2 p S1 pintamaa;;;;;0,0;1,30;0;12,00;0;12,00;0;
#;027;2 p S3 pintamaa;;;;;0,0;3,70;0;10,00;0;13,70;0;
#;028;2 p 0 pintamaa;;;;;0,0;18,00;0;13,00;0;31,00;0;
#;029;2 p S2 pintamaa;;;;;0,0;0,89;0;5,50;0;5,50;0;
#;030;2 p S4 pintamaa;;;;;0,0;1,30;0;9,50;0;9,50;0;
#;031;2 ak S1 pintamaa;;;;;0,0;3,10;0;9,70;0;12,80;0;
#;032;2 ak M pintamaa;;;;;0,0;0,94;0;9,90;0;9,90;0;
#;033;2 ak 0 pintamaa;;;;;0,0;9,50;0;13,00;0;22,50;0;
#;034;2 ak S4 pintamaa;;;;;0,0;1,30;0;6,50;0;6,50;0;
#;035;2 ak S2 pintamaa;;;;;0,0;1,60;0;5,50;0;7,10;0;
#;036;2 ak S3 pintamaa;;;;;0,0;2,00;0;5,10;0;7,10;0;
#;037;2 kk S4 pintamaa;;;;;0,0;1,40;0;9,90;0;9,90;0;
#;038;2 kk S1 pintamaa;;;;;0,0;1,90;0;12,00;0;13,90;0;
#;039;2 kk M pintamaa;;;;;0,0;1,20;0;11,00;0;11,00;0;
#;040;2 kk S2 pintamaa;;;;;0,0;1,30;0;8,50;0;8,50;0;
#;041;2 kk S3 pintamaa;;;;;0,0;1,30;0;11,00;0;11,00;0;
#;042;2 kk 0 pintamaa;;;;;0,0;1,20;0;12,00;0;12,00;0;
#;043;2 r M pintamaa;;;;;0,0;2,00;0;8,00;0;10,00;0;
#;044;2 r S4 pintamaa;;;;;0,0;3,20;0;10,00;0;13,20;0;
#;045;2 r 0 pintamaa;;;;;0,0;1,40;0;7,10;0;7,10;0;
#;046;2 r S2 pintamaa;;;;;0,0;1,00;0;4,40;0;4,40;0;
#;047;2 r S3 pintamaa;;;;;0,0;1,20;0;8,30;0;8,30;0;
#;048;2 r S1 pintamaa;;;;;0,0;1,20;0;9,30;0;9,30;0;
#;049;3 ak S4 pintamaa;;;;;0,0;0,72;0;7,70;0;7,70;0;
#;050;3 ak S3 pintamaa;;;;;0,0;2,10;0;3,90;0;6,00;0;
#;051;3 ak 0 pintamaa;;;;;0,0;1,10;0;10,00;0;10,00;0;
#;052;3 ak S1 pintamaa;;;;;0,0;0,90;0;10,00;0;10,00;0;
#;053;3 ak S2 pintamaa;;;;;0,0;8,20;0;8,90;0;17,10;0;
#;054;3 ak M pintamaa;;;;;0,0;2,90;0;13,00;0;15,90;0;
#;055;3 p M pintamaa;;;;;0,0;2,00;0;11,00;0;13,00;0;
#;056;3 p 0 pintamaa;;;;;0,0;0,96;0;12,00;0;12,00;0;
#;057;3 p S4 pintamaa;;;;;0,0;1,20;0;11,00;0;11,00;0;
#;058;3 p S1 pintamaa;;;;;0,0;2,20;0;11,00;0;13,20;0;
#;059;3 p S3 pintamaa;;;;;0,0;1,00;0;6,40;0;6,40;0;
#;060;3 p S2 pintamaa;;;;;0,0;1,80;0;9,70;0;11,50;0;
#;061;3 r S4 pintamaa;;;;;0,0;4,20;0;7,10;0;11,30;0;
#;062;3 r S2 pintamaa;;;;;0,0;0,80;0;5,60;0;5,60;0;
#;063;3 r M pintamaa;;;;;0,0;0,89;0;7,60;0;7,60;0;
#;064;3 r S3 pintamaa;;;;;0,0;1,40;0;8,10;0;8,10;0;
#;065;3 r 0 pintamaa;;;;;0,0;2,30;0;8,30;0;10,60;0;
#;066;3 r S1 pintamaa;;;;;0,0;2,30;0;12,00;0;14,30;0;
#;067;3 kk S4 pintamaa;;;;;0,0;3,00;0;13,00;0;16,00;0;
#;068;3 kk S3 pintamaa;;;;;0,0;5,20;0;16,00;0;21,20;0;
#;069;3 kk S2 pintamaa;;;;;0,0;3,00;0;9,80;0;12,80;0;
#;070;3 kk 0 pintamaa;;;;;0,0;5,70;0;11,00;0;16,70;0;
#;071;3 kk S1 pintamaa;;;;;0,0;3,00;0;10,00;0;13,00;0;
#;072;3 kk M pintamaa;;;;;0,0;2,10;0;9,10;0;11,20;0;
#;073;4 kk 0 pintamaa;;;;;0,0;2,60;0;9,80;0;12,40;0;
#;074;4 kk S4 pintamaa;;;;;0,0;2,60;0;9,60;0;12,20;0;
#;075;4 kk S1 pintamaa;;;;;0,0;2,40;0;6,50;0;8,90;0;
#;076;4 kk M pintamaa;;;;;0,0;7,70;0;13,00;0;20,70;0;
#;077;4 kk S3 pintamaa;;;;;0,0;2,50;0;6,70;0;9,20;0;
#;078;4 kk S2 pintamaa;;;;;0,0;3,60;0;11,00;0;14,60;0;
#;079;4 r S1 pintamaa;;;;;0,0;1,10;0;10,00;0;10,00;0;
#;080;4 r M pintamaa;;;;;0,0;2,10;0;13,00;0;15,10;0;
#;081;4 r S3 pintamaa;;;;;0,0;1,70;0;10,00;0;11,70;0;
#;082;4 r S4 pintamaa;;;;;0,0;1,60;0;11,00;0;12,60;0;
#;083;4 r S2 pintamaa;;;;;0,0;1,30;0;7,90;0;7,90;0;
#;084;4 r 0 pintamaa;;;;;0,0;5,40;0;13,00;0;18,40;0;
#;085;4 p S1 pintamaa;;;;;0,0;13,00;0;18,00;0;31,00;0;
#;086;4 p M pintamaa;;;;;0,0;2,30;0;12,00;0;14,30;0;
#;087;4 p 0 pintamaa;;;;;0,0;0,82;0;12,00;0;12,00;0;
#;088;4 p S2 pintamaa;;;;;0,0;2,60;0;13,00;0;15,60;0;
#;089;4 p S4 pintamaa;;;;;0,0;1,50;0;11,00;0;12,50;0;
#;090;4 p S3 pintamaa;;;;;0,0;1,30;0;4,30;0;4,30;0;
#;091;4 ak 0 pintamaa;;;;;0,0;1,50;0;14,00;0;15,50;0;
#;092;4 ak S4 pintamaa;;;;;0,0;4,90;0;14,00;0;18,90;0;
#;093;4 ak S3 pintamaa;;;;;0,0;4,70;0;13,00;0;17,70;0;
#;094;4 ak S1 pintamaa;;;;;0,0;1,20;0;13,00;0;13,00;0;
#;095;4 ak S2 pintamaa;;;;;0,0;2,10;0;11,00;0;13,10;0;
#;096;4 ak M pintamaa;;;;;0,0;2,50;0;17,00;0;19,50;0;
#;097;4 r S4 pohjamaa;;;;;0,0;1,20;0;8,80;0;8,80;0;
#;098;4 p 0 pohjamaa;;;;;0,0;1,10;0;10,00;0;10,00;0;
#;099;4 p S4 pohjamaa;;;;;0,0;0,78;0;8,80;0;8,80;0;
#;100;4 ak S4 pohjamaa;;;;;0,0;3,20;0;15,00;0;18,20;0;
#;101;3 ak S4 pohjamaa;;;;;0,0;4,10;0;10,00;0;14,10;0;
#;102;3 p 0 pohjamaa;;;;;0,0;1,20;0;13,00;0;13,00;0;
#;103;3 p S4 pohjamaa;;;;;0,0;12,00;0;14,00;0;26,00;0;
#;104;3 r S4 pohjamaa;;;;;0,0;2,50;0;7,30;0;9,80;0;
#;105;2 p 0 pohjamaa;;;;;0,0;1,60;0;10,00;0;11,60;0;
#;106;2 p S4 pohjamaa;;;;;0,0;0,92;0;9,00;0;9,00;0;
#;107;2 ak S4 pohjamaa;;;;;0,0;1,20;0;7,90;0;7,90;0;
#;108;2 r S4 pohjamaa;;;;;0,0;2,20;0;10,00;0;12,20;0;
#;109;1 ak S4 pohjamaa;;;;;0,0;1,60;0;9,20;0;10,80;0;
#;110;1 r S4 pohjamaa;;;;;0,0;0,99;0;5,30;0;5,30;0;
#;111;1 p S4 pohjamaa;;;;;0,0;1,70;0;9,70;0;11,40;0;
#;112;1 p 0 pohjamaa;;;;;0,0;1,40;0;8,90;0;8,90;0;
