&;VILJAVUUSTUTKIMUS
&;                   Helsingin Yliopisto
&;                   Latokartanonkaari 5
&;                   00014 HELSINGIN YLIOPISTO
&;
&; Tila
&;
&; N„ytteenottaja     Omistaja
&; Asiakasnumero      28541
&; Tutkimusnumero     115134
&;
&;
&;
&;
&;
&;                          Ahma ymp„rist” Oy
&;          Sammonkatu 8
&;          Oulu
&;          puh 044-5885 260   fax
&;----------------------------------------------------------------
%;Nro;Tunnus;x;y;PIMAAL;MULTAV;Jl;ammN;VL/ammN;nitN;VL/nitN;liuN;VL/liuN;
%;N„ytteen numero;L„hett„j„n tunnus;X-koord.;Y-koord.;Maalaji;Multavuus;Johtoluku;ammN;VL/ammN;nitN;VL/nitN;liuN;VL/liuN;
%;;;;;;;;mg/l;;mg/l;;mg/l;;
%;
#;1;1 ak S2;;;;;0,0;0,06;0;6,00;0;6,00;0;
#;002;1 sk S1;;;;;0,0;0,09;0;5,50;0;5,50;0;
#;003;1 akM;;;;;0,0;0,14;0;5,70;0;5,70;0;
#;004;1 ak S3;;;;;0,0;0,26;0;6,00;0;6,00;0;
#;005;1 ak S4;;;;;0,0;1,80;0;7,00;0;8,80;0;
#;006;1 ak 0;;;;;0,0;0,14;0;6,80;0;6,80;0;
#;007;1 r S4;;;;;0,0;2,50;0;5,40;0;7,90;0;
#;008;1 r S1;;;;;0,0;0,36;0;5,80;0;5,80;0;
#;009;1 r S2;;;;;0,0;0,04;0;5,80;0;5,80;0;
#;010;1 r S3;;;;;0,0;2,00;0;9,90;0;11,90;0;
#;011;1 r M;;;;;0,0;0,26;0;13,00;0;13,00;0;
#;012;1 r o;;;;;0,0;4,50;0;14,00;0;18,50;0;
#;013;1 p M;;;;;0,0;0,15;0;11,00;0;11,00;0;
#;014;1 p S1;;;;;0,0;0,38;0;9,10;0;9,10;0;
#;015;1 p S4;;;;;0,0;3,30;0;6,60;0;9,90;0;
#;016;1 p S3;;;;;0,0;0,27;0;6,80;0;6,80;0;
#;017;1 p 0;;;;;0,0;1,20;0;16,00;0;16,00;0;
#;018;1 p S2;;;;;0,0;4,70;0;6,50;0;11,20;0;
#;019;1 kk S4;;;;;0,0;1,50;0;7,60;0;9,10;0;
#;020;1 kk S2;;;;;0,0;0,15;0;6,80;0;6,80;0;
#;021;1 kk S1;;;;;0,0;0,11;0;9,30;0;9,30;0;
#;022;1 kk S3;;;;;0,0;3,10;0;5,90;0;9,00;0;
#;023;1 kk 0;;;;;0,0;0,32;0;10,00;0;10,00;0;
#;024;1 kk M;;;;;0,0;2,40;0;16,00;0;18,40;0;
#;025;2 p M;;;;;0,0;0,86;0;14,00;0;14,00;0;
#;026;2 p S1;;;;;0,0;8,00;0;5,30;0;13,30;0;
#;027;2p S3;;;;;0,0;9,50;0;8,50;0;18,00;0;
#;028;2 p 0;;;;;0,0;2,50;0;11,00;0;13,50;0;
#;029;2 p S2;;;;;0,0;0,08;0;6,70;0;6,70;0;
#;030;2 p S4;;;;;0,0;0,75;0;7,50;0;7,50;0;
#;031;2 ak S1;;;;;0,0;0,41;0;4,10;0;4,10;0;
#;032;2 ak M;;;;;0,0;4,00;0;8,20;0;12,20;0;
#;033;2 ak 0;;;;;0,0;7,30;0;6,80;0;14,10;0;
#;034;2 ak S4;;;;;0,0;0,38;0;5,90;0;5,90;0;
#;035;2 ak S2;;;;;0,0;0,58;0;3,90;0;3,90;0;
#;036;2 ak S3;;;;;0,0;0,52;0;4,60;0;4,60;0;
#;037;2 kk S4;;;;;0,0;0,52;0;3,00;0;3,00;0;
#;038;2 kk S1;;;;;0,0;0,32;0;5,40;0;5,40;0;
#;039;2 kk M;;;;;0,0;3,50;0;11,00;0;14,50;0;
#;040;2 kk S2;;;;;0,0;0,52;0;3,70;0;3,70;0;
#;041;2 kk S3;;;;;0,0;0,56;0;4,60;0;4,60;0;
#;042;2 kk 0;;;;;0,0;1,70;0;12,00;0;13,70;0;
#;043;2 r M;;;;;0,0;0,33;0;29,00;0;29,00;0;
#;044;2 r S4;;;;;0,0;0,51;0;7,30;0;7,30;0;
#;045;2 r 0;;;;;0,0;0,44;0;10,00;0;10,00;0;
#;046;2 r S2;;;;;0,0;0,76;0;6,00;0;6,00;0;
#;047;2 r S3;;;;;0,0;29,00;0;13,00;0;42,00;0;
#;048;2 r S1;;;;;0,0;0,44;0;7,40;0;7,40;0;
#;049;3 ak S4;;;;;0,0;0,26;0;3,80;0;3,80;0;
#;050;3 ak S3;;;;;0,0;2,70;0;4,00;0;6,70;0;
#;051;3 ak 0;;;;;0,0;0,39;0;7,60;0;7,60;0;
#;052;3 ak S1;;;;;0,0;3,40;0;4,30;0;7,70;0;
#;053;3 ak S2;;;;;0,0;3,40;0;8,30;0;11,70;0;
#;054;3 ak M;;;;;0,0;2,70;0;10,00;0;12,70;0;
#;055;3 p M;;;;;0,0;0,74;0;13,00;0;13,00;0;
#;056;3 p 0;;;;;0,0;3,80;0;11,00;0;14,80;0;
#;057;3 p S4;;;;;0,0;0,71;0;6,70;0;6,70;0;
#;058;3 p S1;;;;;0,0;0,63;0;8,30;0;8,30;0;
#;059;3 p S3;;;;;0,0;0,66;0;6,70;0;6,70;0;
#;060;3 p S2;;;;;0,0;0,52;0;7,60;0;7,60;0;
#;061;3 r S4;;;;;0,0;0,47;0;4,90;0;4,90;0;
#;062;3 r S2;;;;;0,0;0,57;0;5,30;0;5,30;0;
#;063;3 r M;;;;;0,0;0,65;0;23,00;0;23,00;0;
#;064;3 r S3;;;;;0,0;0,59;0;5,00;0;5,00;0;
#;065;3 r 0;;;;;0,0;1,10;0;9,50;0;9,50;0;
#;066;3 r S1;;;;;0,0;0,51;0;6,90;0;6,90;0;
#;067;3 kk S4;;;;;0,0;0,32;0;6,50;0;6,50;0;
#;068;3 kk S3;;;;;0,0;0,30;0;5,80;0;5,80;0;
#;069;3 kk S2;;;;;0,0;0,38;0;7,90;0;7,90;0;
#;070;3 kk 0;;;;;0,0;0,41;0;13,00;0;13,00;0;
#;071;3 22 S1;;;;;0,0;0,80;0;10,00;0;10,00;0;
#;072;3 kk M;;;;;0,0;0,65;0;15,00;0;15,00;0;
#;073;4 kk 0;;;;;0,0;0,80;0;8,40;0;8,40;0;
#;074;4 kk S4;;;;;0,0;0,39;0;7,00;0;7,00;0;
#;075;4 kk S1;;;;;0,0;0,49;0;4,80;0;4,80;0;
#;076;4 kk M;;;;;0,0;0,47;0;10,00;0;10,00;0;
#;077;4 kk S3;;;;;0,0;0,43;0;6,40;0;6,40;0;
#;078;4 kk S2;;;;;0,0;0,56;0;9,80;0;9,80;0;
#;079;4 r S1;;;;;0,0;0,26;0;9,10;0;9,10;0;
#;080;4 r M;;;;;0,0;2,60;0;20,00;0;22,60;0;
#;081;4 r S3;;;;;0,0;4,30;0;9,10;0;13,40;0;
#;082;4 r S4;;;;;0,0;2,90;0;5,60;0;8,50;0;
#;083;4 r S2;;;;;0,0;0,00;0;7,80;0;7,80;0;
#;084;4 r 0;;;;;0,0;0,00;0;9,10;0;9,10;0;
#;085;4 p S1;;;;;0,0;0,00;0;8,50;0;8,50;0;
#;086;4 p M;;;;;0,0;0,31;0;10,00;0;10,00;0;
#;087;4 p 0;;;;;0,0;1,60;0;8,40;0;10,00;0;
#;088;4 p S2;;;;;0,0;2,40;0;7,20;0;9,60;0;
#;089;4 p S4;;;;;0,0;0,92;0;6,20;0;6,20;0;
#;090;4 p S3;;;;;0,0;1,40;0;7,50;0;7,50;0;
#;091;4 ak 0;;;;;0,0;0,72;0;9,10;0;9,10;0;
#;092;4 ak S4;;;;;0,0;2,20;0;6,40;0;8,60;0;
#;093;4 ak S3;;;;;0,0;0,00;0;5,10;0;5,10;0;
#;094;4 ak S1;;;;;0,0;0,00;0;6,40;0;6,40;0;
#;095;4 ak S2;;;;;0,0;0,00;0;4,30;0;4,30;0;
#;096;4 ak M;;;;;0,0;0,00;0;10,00;0;10,00;0;
#;097;1 ak S2;;;;;0,0;0,00;0;3,50;0;3,50;0;
#;098;1 ak S1;;;;;0,0;0,00;0;7,10;0;7,10;0;
#;099;1 ak M;;;;;0,0;0,00;0;6,90;0;6,90;0;
#;100;1 ak S3;;;;;0,0;0,00;0;5,80;0;5,80;0;
#;101;1 ak S4;;;;;0,0;0,00;0;5,30;0;5,30;0;
#;102;1 ak 0;;;;;0,0;0,00;0;8,30;0;8,30;0;
#;103;1 r S4;;;;;0,0;0,00;0;4,40;0;4,40;0;
#;104;1 r S1;;;;;0,0;3,40;0;5,40;0;8,80;0;
#;105;1 r S2;;;;;0,0;2,20;0;2,80;0;5,00;0;
#;106;1 r S3;;;;;0,0;1,50;0;7,10;0;8,60;0;
#;107;1 r M;;;;;0,0;1,90;0;15,00;0;16,90;0;
#;108;1 r 0;;;;;0,0;2,70;0;11,00;0;13,70;0;
#;109;1 p M;;;;;0,0;1,30;0;14,00;0;14,00;0;
#;110;1 p S1;;;;;0,0;2,10;0;5,30;0;7,40;0;
#;111;1 o S4;;;;;0,0;2,00;0;6,80;0;8,80;0;
#;112;1 p S3;;;;;0,0;9,80;0;12,00;0;21,80;0;
#;113;1 p 0;;;;;0,0;4,50;0;16,00;0;20,50;0;
#;114;1 p S2;;;;;0,0;3,10;0;4,50;0;7,60;0;
#;115;1 kk S4;;;;;0,0;2,80;0;5,00;0;7,80;0;
#;116;1 kk S2;;;;;0,0;1,80;0;5,60;0;7,40;0;
#;117;1 kk S1;;;;;0,0;1,70;0;5,80;0;7,50;0;
#;118;1 kk S3;;;;;0,0;3,00;0;7,10;0;10,10;0;
#;119;1 kk 0;;;;;0,0;6,90;0;14,00;0;20,90;0;
#;120;1 kk M;;;;;0,0;1,50;0;14,00;0;15,50;0;
#;121;2 p M;;;;;0,0;1,90;0;14,00;0;15,90;0;
#;122;2 p S1;;;;;0,0;1,70;0;5,50;0;7,20;0;
#;123;2 p S3;;;;;0,0;4,10;0;23,00;0;27,10;0;
#;124;2 p 0;;;;;0,0;2,10;0;13,00;0;15,10;0;
#;125;2 p S2;;;;;0,0;2,20;0;4,20;0;6,40;0;
#;126;2 p S4;;;;;0,0;2,80;0;7,20;0;10,00;0;
#;127;2 ak S1;;;;;0,0;3,60;0;3,40;0;7,00;0;
#;128;2 ak M;;;;;0,0;2,10;0;4,50;0;6,60;0;
#;129;2 ak 0;;;;;0,0;2,50;0;5,70;0;8,20;0;
#;130;2 ak S4;;;;;0,0;110,00;0;11,00;0;121,00;0;
#;131;2 ak S2;;;;;0,0;1,70;0;3,40;0;5,10;0;
#;132;2 ak S3;;;;;0,0;7,90;0;5,90;0;13,80;0;
#;133;2 kk S4;;;;;0,0;1,90;0;2,70;0;4,60;0;
#;134;2 kk S1;;;;;0,0;2,50;0;4,40;0;6,90;0;
#;135;2 kk M;;;;;0,0;1,50;0;12,00;0;13,50;0;
#;136;2 kk S2;;;;;0,0;3,10;0;4,40;0;7,50;0;
#;137;2 kk S3;;;;;0,0;2,60;0;5,30;0;7,90;0;
#;138;2 kk 0;;;;;0,0;2,60;0;14,00;0;16,60;0;
#;139;2 kk M;;;;;0,0;3,00;0;17,00;0;20,00;0;
#;140;2 r S4;;;;;0,0;2,40;0;3,30;0;5,70;0;
#;141;2 r 0;;;;;0,0;2,50;0;9,80;0;12,30;0;
#;142;2 r S2;;;;;0,0;3,20;0;2,50;0;5,70;0;
#;143;2 r S3;;;;;0,0;1,90;0;4,20;0;6,10;0;
#;144;2 r S1;;;;;0,0;2,10;0;4,90;0;7,00;0;
#;145;3 ak S4;;;;;0,0;2,10;0;4,60;0;6,70;0;
#;146;3 ak S3;;;;;0,0;2,20;0;5,90;0;8,10;0;
#;147;3 ak 0;;;;;0,0;2,00;0;5,40;0;7,40;0;
#;148;3 ak S1;;;;;0,0;4,30;0;7,10;0;11,40;0;
#;149;3 ak S2;;;;;0,0;3,80;0;4,40;0;8,20;0;
#;150;3 ak M;;;;;0,0;2,10;0;7,00;0;9,10;0;
#;151;3 p M;;;;;0,0;2,80;0;16,00;0;18,80;0;
#;152;3 p 0;;;;;0,0;3,10;0;11,00;0;14,10;0;
#;153;3 p S4;;;;;0,0;2,30;0;3,90;0;6,20;0;
#;154;3 p S1;;;;;0,0;1,60;0;7,20;0;8,80;0;
#;155;3 p S3;;;;;0,0;1,20;0;7,10;0;7,10;0;
#;156;3 p S2;;;;;0,0;3,10;0;5,70;0;8,80;0;
#;157;3 r S4;;;;;0,0;1,70;0;6,40;0;8,10;0;
#;158;3 r S2;;;;;0,0;1,20;0;4,00;0;4,00;0;
#;159;3 r M;;;;;0,0;3,00;0;14,00;0;17,00;0;
#;160;3 r S3;;;;;0,0;0,22;0;4,00;0;4,00;0;
#;161;3 r 0;;;;;0,0;0,25;0;11,00;0;11,00;0;
#;162;3 r S1;;;;;0,0;0,09;0;6,20;0;6,20;0;
#;163;3 kk S4;;;;;0,0;0,06;0;4,60;0;4,60;0;
#;164;3 kk S3;;;;;0,0;3,80;0;8,50;0;12,30;0;
#;165;3 kk S2;;;;;0,0;0,23;0;6,80;0;6,80;0;
#;166;3 kk 0;;;;;0,0;0,39;0;10,00;0;10,00;0;
#;167;3 kk S1;;;;;0,0;0,46;0;8,50;0;8,50;0;
#;168;3 kk M;;;;;0,0;0,00;0;15,00;0;15,00;0;
#;169;4 kk 0;;;;;0,0;0,00;0;9,40;0;9,40;0;
#;170;4 kk S4;;;;;0,0;0,00;0;4,90;0;4,90;0;
#;171;4 kk S1;;;;;0,0;0,00;0;5,30;0;5,30;0;
#;172;4 kk M;;;;;0,0;1,40;0;12,00;0;12,00;0;
#;173;4 kk S3;;;;;0,0;0,35;0;3,70;0;3,70;0;
#;174;4 kk S2;;;;;0,0;0,49;0;6,00;0;6,00;0;
#;175;4 r S1;;;;;0,0;0,35;0;5,40;0;5,40;0;
#;176;4 r M;;;;;0,0;0,24;0;20,00;0;20,00;0;
#;177;4 2 S3;;;;;0,0;0,42;0;4,00;0;4,00;0;
#;178;4 r S4;;;;;0,0;0,34;0;4,80;0;4,80;0;
#;179;4 r S2;;;;;0,0;0,22;0;6,40;0;6,40;0;
#;180;4 r 0;;;;;0,0;2,80;0;9,40;0;12,20;0;
#;181;4 p S1;;;;;0,0;0,18;0;6,60;0;6,60;0;
#;182;4 p M;;;;;0,0;0,00;0;16,00;0;16,00;0;
#;183;4 p 0;;;;;0,0;0,26;0;11,00;0;11,00;0;
#;184;4 p S2;;;;;0,0;1,00;0;6,40;0;6,40;0;
#;185;4 p S4;;;;;0,0;0,95;0;5,20;0;5,20;0;
#;186;4 p S3;;;;;0,0;0,63;0;3,80;0;3,80;0;
#;187;4 ak 0;;;;;0,0;0,54;0;8,50;0;8,50;0;
#;188;4 ak S4;;;;;0,0;0,38;0;6,80;0;6,80;0;
#;189;4 ak S3;;;;;0,0;0,31;0;5,50;0;5,50;0;
#;190;4 ak S1;;;;;0,0;3,50;0;8,00;0;11,50;0;
#;191;4 ak S2;;;;;0,0;1,10;0;11,00;0;11,00;0;
#;192;4 ak M;;;;;0,0;7,70;0;13,00;0;20,70;0;
